,Rn
0,1.7976532630563948
1,2.3136482516404575
2,2.333856722844097
3,2.31520224961372
4,2.34776737862861
5,2.157184080480275
6,1.9076271453886218
7,1.7612575364964966
8,1.660992495207636
9,1.8203711822155233
10,1.7268419774944146
11,1.788748505350716
12,1.7887866353906512
13,1.6828666923697586
14,1.939871250297756
15,2.374620768664108
16,2.183785393872798
17,2.4676950757621734
18,2.14711559786927
19,2.7119221205409145
20,2.988076449143751
21,2.685300305150149
22,2.717068579965016
23,2.8042474355078415
24,2.551532779142936
25,2.8736508667021052
26,2.9771318168509433
27,3.156536280093108
28,3.6404037913061957
29,3.2358243780721727
30,3.3740308931964176
31,3.5300595366353456
32,3.5658980739339885
33,3.3268224077205293
34,3.2499393034446973
35,3.089038038541571
36,4.280605771391466
37,4.018747640720692
38,3.2853406833704835
39,3.407731585957651
40,4.0613513128581875
41,4.3627989105066405
42,4.662990997193856
43,3.413298487077594
44,4.7167224240068615
45,4.46589346609746
46,5.0493241512307785
47,3.6754761208216062
48,3.676777928049221
49,4.757069021845037
50,5.544321732122459
51,5.16876205586513
52,4.27054101671785
53,4.573068237803353
54,5.290891316599154
55,4.199762595393812
56,6.6150635862803355
57,4.239663312992037
58,6.9220573887502805
59,6.6028925965180925
60,4.240383543582405
61,4.295150579769563
62,4.348494343365142
63,6.809759624469269
64,7.427412936307882
65,7.1217556554773385
66,7.543800440841302
67,7.409724480724725
68,6.56096670152806
69,7.677217419300619
70,7.621054372072171
71,8.165411720200828
72,7.90515629980023
73,5.958450345064907
74,4.971626813763249
75,5.232873438028108
76,6.909816584960968
77,5.0235023193965604
78,7.551070061542898
79,7.387999635837902
80,7.504042019523311
81,8.20548370968411
82,5.363024477739473
83,9.34753642628782
84,8.620474868609154
85,7.284355884605624
86,5.404357793601064
87,8.390429203171674
88,10.312108224685776
89,6.165325519094788
90,5.522973949746826
91,7.5504688079284
92,8.135808239103213
93,10.941352047125841
94,10.542845537445139
95,9.506164705332091
96,8.398942548348549
97,8.963730633384746
98,11.470294665882081
99,6.047724914657654
100,7.14759452628418
101,6.410028758457287
102,7.762009369571977
103,9.512418714466484
104,6.960593869136633
105,6.499720357720894
106,6.666345411739941
107,11.1048529725167
108,9.313041361776255
109,7.5668571347844695
110,12.289286971621326
111,6.42572404995337
112,12.549818670326717
113,7.120888717940856
114,10.996761112141044
115,11.142630104580753
116,13.619167254107913
117,12.23435770565933
118,11.983755680988867
119,7.156087086286151
120,6.7616451785276945
121,12.582808344152195
122,10.835135108188487
123,10.283328192526815
124,12.63210255050776
125,10.146273675921968
126,13.847665037030161
127,11.69958508541286
128,8.445447015141621
129,13.135384414140951
130,12.29380022781791
131,8.145266641044909
132,13.26250250632975
133,10.18391941340776
134,15.078905509357742
135,7.080416089716133
136,11.415033925495655
137,7.5336783648136745
138,9.600238643682292
139,14.911788397392707
140,12.492507896821525
141,14.284149233539425
142,9.928574249609287
143,9.295388763663022
144,12.644250933057373
145,14.296831988697281
146,10.637110392019894
147,11.015504090825527
148,7.634882123737742
149,10.07579656529488
150,16.358203159384274
151,9.47054750511618
152,13.214395935177048
153,7.39021692666604
154,11.443013956912583
155,16.04022871844084
156,14.313900435044424
157,12.511388640514712
158,7.684950802994508
159,7.647697863403409
160,15.562167514842074
161,16.478016557892744
162,14.734293460453358
163,14.032927053942313
164,7.56554883593247
165,11.655792013418285
166,16.598847284192296
167,16.69749366637019
168,16.786415486518425
169,11.614026741256719
170,12.199277037682245
171,7.567324520672743
172,15.397377703163734
173,12.87908931311101
174,7.7614647935207355
175,7.549184696831268
176,12.65876802807349
177,14.074296445269342
178,7.582766440400858
179,8.926409253374583
180,7.522673646982186
181,7.522655843740122
182,7.534759595454627
183,7.520657053121162
184,7.605386478075023
185,12.765810755638176
186,8.50751655569872
187,9.679812761378695
188,7.45973537038701
189,10.442935318403196
190,7.442634263446981
191,7.412580318781187
192,9.287352028457489
193,7.393409853477886
194,7.3631458945772374
195,7.766425268227396
196,7.344301549462037
197,7.723636318229333
198,14.841627758494864
199,7.370388651908601
200,10.771351919165271
201,7.288773938414853
202,13.122416021658095
203,9.402013367514733
204,7.276618693941405
205,8.124833717274372
206,14.603022892963834
207,15.460316170210593
208,15.515734145075664
209,7.236537885683602
210,12.843099825345057
211,14.722585723983569
212,10.092842844566663
213,11.603027876160338
214,7.029689820381983
215,7.120820026017054
216,8.244779943867517
217,7.346079833380212
218,6.925834632034802
219,7.552322239434149
220,6.897669753321391
221,8.228603599446336
222,16.253573933249058
223,7.185662040550111
224,12.900825457724444
225,9.087200544218145
226,6.735134188103539
227,9.657065158857726
228,16.006292881055035
229,10.461931776745054
230,10.029077045590432
231,10.941131496342187
232,10.106501098164872
233,8.71965884619563
234,11.952581247703648
235,14.721179184961589
236,13.930452301563545
237,9.422814225556374
238,6.493822713651886
239,6.226733598001066
240,6.170167539454153
241,6.114233237862949
242,6.984475468331105
243,6.044396380923926
244,6.004536170043632
245,5.9500692630388095
246,5.914792084853779
247,5.8700126162350195
248,5.821657699794285
249,5.9819335398850715
250,10.648830448722006
251,11.005281479883752
252,11.578831469222353
253,8.284600057667594
254,11.854046807886071
255,8.501595153359972
256,5.791290101198423
257,5.460694592496106
258,5.41409811651918
259,5.346836326993665
260,5.33222062149573
261,8.026991496803593
262,5.252930731588561
263,6.575795342085657
264,5.119137349789331
265,5.032814513356388
266,5.95452201388857
267,6.561421204424009
268,9.222065059901766
269,4.97839633714553
270,4.965038021396263
271,4.862657025305285
272,5.4088658192768735
273,4.65606308966751
274,4.6323858119658246
275,5.250941154671368
276,4.569880966995816
277,8.254933453734495
278,8.332585430794518
279,7.617639621332847
280,4.406449428449328
281,7.43557680975111
282,4.882288238280721
283,5.882403456389168
284,5.780644294349798
285,4.176631422039601
286,5.873980387471921
287,5.086814014488006
288,4.356841151565068
289,3.896400426531917
290,4.7417586964883744
291,4.292059616896051
292,5.0564819573469695
293,5.074444225932734
294,5.519555904141774
295,4.758890915280166
296,5.960167517454527
297,4.449586192529056
298,3.8890200060684474
299,5.783612394134694
300,3.839037510954025
301,4.590864763558429
302,4.434925592603391
303,3.5532174982144795
304,3.616494197649752
305,3.9689954631032833
306,3.9178658952031933
307,4.384032838164854
308,3.186616689621564
309,3.582371808183383
310,3.464010050751737
311,3.68937130696885
312,3.8992473111146584
313,3.1200801900136597
314,3.071730195937332
315,3.326874692421944
316,2.959416348276422
317,2.923215118505846
318,2.7907135554146167
319,3.275095929914622
320,2.384645465406055
321,1.9140635305580753
322,2.2982331827358626
323,2.1046924529166207
324,2.380394459901842
325,2.2909266471806635
326,2.5669389225457695
327,2.4727246978750914
328,1.2621050161880367
329,2.4137935627757883
330,1.7421209913561881
331,2.5076465319638483
332,2.4763667150356024
333,2.3633745192094584
334,1.713410818118203
335,2.056595347546899
336,1.7178627392107195
337,1.4621010093447246
338,1.2274696661960967
339,2.2629271640677104
340,1.8381559687625177
341,1.4471258161331324
342,1.3891996117420131
343,2.064030102134864
344,2.2773829940287182
345,1.9329746220238953
346,1.1714579136535646
347,1.1398640021080029
348,1.6502539938749434
349,1.2593093652208651
350,1.8953235260455
351,1.1852656053461974
352,1.109588207123319
353,1.793449927201169
354,1.929461869010039
355,2.1411326152226877
356,1.5690421496380536
357,1.8817317804042428
358,2.005747082483955
359,2.222723114717741
360,2.2680193818341152
361,2.2768270316475
362,1.7397526106143362
363,1.6512824163921058
364,1.6073424374991099
365,1.631425277635043
366,1.2870222478100324
367,1.7599311535555815
368,1.4813981687624649
369,1.199554971099273
370,1.801633194994749
371,1.775211878885913
372,1.5743548058789187
373,2.276750925255458
374,1.8517981908318353
375,2.4545206926777694
376,2.4981400459026526
377,2.5065880357680257
378,2.6835367017587672
379,2.4265909603145
380,2.1028591306736066
381,2.537693573544572
382,2.3990767461431375
383,2.604533903367776
384,2.6605204230245034
385,2.691762826540493
386,2.732805299498474
387,3.030889951190016
388,2.887295966295513
389,3.2603683922758835
390,2.934266846225421
391,3.4294201941311027
392,2.8232215954965727
393,2.9065116865571565
394,3.216589768406661
395,3.4201597773978776
396,3.4235859305018455
397,3.575784045521747
398,3.233341700168296
399,3.6542784931626535
400,3.435170966685243
401,3.800146756929337
402,3.9460287811873096
403,3.85332704015387
404,3.322018508977787
405,4.300955334691792
406,3.6125428665897545
407,4.378228166572067
408,4.543430868944899
409,4.46543110694867
410,5.051660285146732
411,4.748014674757372
412,5.246237784684815
413,5.085475347726862
414,5.01083620885662
415,5.092414296407539
416,4.995421356710861
417,5.49241485277615
418,4.741295523584805
419,4.78927493859492
420,4.471998619016989
421,5.486550879186209
422,6.255920571447793
423,5.652510513747251
424,6.013526580573658
425,6.518540441251723
426,4.470269267659598
427,4.316804370600453
428,4.554598126797697
429,7.556126644450969
430,5.30774181736863
431,6.704269164029545
432,7.430458243867967
433,7.004471789497226
434,7.25742605280274
435,7.832744317413468
436,5.363665735733949
437,4.7187357505800245
438,5.376839827428301
439,6.885632271489377
440,8.795262863445714
441,8.236596202674576
442,8.878409830437526
443,5.223430570349301
444,9.17796147233425
445,8.844766875353411
446,7.314535157430292
447,5.283496770544612
448,9.735663451952696
449,8.71826359631798
450,9.138267538898898
451,6.150821965557739
452,5.6494208384352325
453,5.514251396333597
454,6.219855195356138
455,7.495422072918805
456,10.559642343421153
457,8.058728498850144
458,10.417898964892766
459,9.437301634761706
460,9.202926706132736
461,9.52007339565894
462,6.022323096903872
463,11.731887140547151
464,5.97794762177144
465,7.5457670307201745
466,7.050042996617986
467,6.096985168805204
468,6.1578893834524
469,13.180786190242955
470,12.30579261333661
471,12.578679720646829
472,6.320172758222587
473,10.943964295820846
474,12.646170548464035
475,12.418916380984513
476,6.725255613022714
477,7.179377667231487
478,9.327878836299998
479,13.066674559306524
480,9.34272566487465
481,10.651145577016075
482,9.519781095531652
483,12.700580145782055
484,12.420567423795138
485,12.147185951711826
486,13.10278588253503
487,13.746773243696971
488,12.712445024198406
489,6.8523825797345586
490,11.719421462198584
491,11.644924895126614
492,8.644463455690952
493,10.005477548725588
494,10.189599147249366
495,9.367990874686406
496,14.441150288736981
497,10.139192232469679
498,7.048909091883883
499,13.542284717215466
500,11.897349487254472
501,13.948819962004752
502,14.50906288171906
503,7.165038224276718
504,13.096450736281433
505,14.715792641847328
506,10.932952712113735
507,8.540480322075975
508,7.547582228792543
509,10.832296520653053
510,12.43904410409853
511,13.268153612500493
512,11.37835702750447
513,7.403775585496916
514,7.3828444390627626
515,7.522627710716828
516,14.751226461593944
517,12.964240945972879
518,7.41719437313608
519,7.422589136913012
520,7.422674850824251
521,7.431726655445775
522,12.774905658300474
523,12.174847507134896
524,12.909205732323402
525,16.400032687688054
526,15.832729619646075
527,10.2796270019956
528,14.107909189632355
529,16.612063578402186
530,8.010894467056529
531,13.426533591395522
532,15.929268151362841
533,10.706592874781974
534,7.704731043953921
535,15.938745206234326
536,14.773066753614536
537,7.53406950478935
538,7.532151576328005
539,7.717927356178378
540,7.504472076789927
541,8.007579340165723
542,17.24124735426972
543,13.163000298075112
544,7.519006797426871
545,7.890819637393586
546,8.693991876937401
547,14.223556834970008
548,8.067835000438123
549,12.711192638917947
550,13.285733380237662
551,13.09814882706907
552,15.10259754882994
553,15.366370646929841
554,16.77615854103937
555,16.38625104852379
556,11.008342037845983
557,16.340843780018993
558,7.458915257952141
559,12.663008764053348
560,13.6402184412187
561,8.83351463978079
562,8.79066257437259
563,16.59100130338824
564,12.06320794033951
565,7.3427653806370845
566,7.349428897908218
567,11.522918893126324
568,7.421822331201462
569,8.585549864075064
570,7.2362744985955585
571,7.2297782182662385
572,7.206195099013754
573,7.162655717632865
574,12.475829124687255
575,15.313844114624125
576,9.311406756849284
577,7.483018789198759
578,8.362744972077717
579,8.597908711350717
580,11.216230462489351
581,16.566618271360138
582,14.196507082537206
583,16.132784956697463
584,15.942318621378925
585,15.755527879779649
586,14.822597004731241
587,14.09563709030722
588,12.999647425733633
589,7.308234936860381
590,8.578115652404776
591,7.4014554516650914
592,6.695150459950787
593,6.600196744983153
594,8.672702640442504
595,9.255806793986409
596,12.01597782988743
597,6.598966965709415
598,13.291346299527191
599,6.378619721889529
600,6.364849031973788
601,8.564365332006291
602,13.103242342970375
603,9.659018660833937
604,8.260334662632593
605,8.403048184826556
606,8.531984520124585
607,11.035703233702257
608,10.118209107660405
609,6.020647626784989
610,5.973851933873329
611,12.41213694787561
612,8.382690013512972
613,9.03830470569635
614,8.878965084532865
615,12.380897744017297
616,8.567102726155307
617,11.929422114473681
618,12.315342888225718
619,8.488914179831243
620,11.151984150025065
621,8.650448178577129
622,10.854184374231581
623,9.594555036940633
624,11.021181396297644
625,10.682846139328014
626,10.96751147649804
627,8.47401848906789
628,7.8403459851890585
629,9.734897124309292
630,6.592578806999937
631,5.044824998710328
632,4.9764154607526
633,5.453045960093004
634,7.455148968877356
635,7.359796383581242
636,4.7774012194586
637,7.119862140344159
638,6.2300095230482135
639,4.590620678690107
640,8.974236729680673
641,8.37733846652935
642,5.8461474811724266
643,5.244017951536974
644,6.568473073319456
645,4.460264473153634
646,5.98848868812824
647,7.733827763887845
648,4.660166086877122
649,7.125527105694646
650,6.955898555558948
651,6.2188184706936775
652,6.507528619343392
653,6.367791157736604
654,5.771726390417524
655,6.46232618026491
656,6.412298174401163
657,5.2455139076565995
658,5.519662455056739
659,5.402449332863924
660,3.669537179896075
661,4.148860958366175
662,4.546917906994732
663,4.542663301252755
664,4.211811596980043
665,4.519483668963212
666,4.181780495090509
667,4.144743502056729
668,3.8976914025377543
669,3.324147965608684
670,4.147694335602409
671,3.374044324291611
672,3.302778499394571
673,2.925199489088225
674,2.8944853714737055
675,3.2334527827764017
676,2.98371598046059
677,3.0141914807482832
678,2.9757763733198823
679,2.9374179766228563
680,3.136180447041411
681,3.5119122509458336
682,3.2788180685164185
683,3.0935518367213275
684,2.7514563483968946
685,3.0536924136454155
686,2.1997023763854084
687,2.057841357079675
688,1.996466866340893
689,2.33664535945782
690,1.7474463943018002
691,2.1345712100622007
692,2.2299500077488634
693,2.4983631559705195
694,2.5053620699435974
695,2.1449164201726765
696,2.450399200369433
697,2.4768553002219864
698,1.9873051231364105
699,1.643114531812481
700,1.9795483738268178
701,1.473380841980445
702,2.0448369002089217
703,2.1280376381588275
704,1.2196089040817037
705,1.343090234806752
706,1.8282040885103186
707,2.1275064552972167
708,1.971564902474694
709,2.082136711691276
710,1.7589173896570092
711,1.4444226161163378
712,2.0794754239751723
713,1.2851709532262285
714,1.1476713185536385
715,0.7120845226459958
716,1.962745511668849
717,2.0726306564412473
718,1.443729955035062
719,2.120900799609204
720,2.256070057776249
721,1.986048863433025
722,1.5302310344169898
723,2.082209445357858
724,1.218068167343989
725,1.1693317923412225
726,1.255184177824713
727,1.6215096677289713
728,1.8006609040197303
729,1.422392646922428
730,1.5502410591684974
731,1.5631592986054912
732,1.4369271989955594
733,1.4249942473626929
734,1.6097406342362959
735,1.5915468917123423
736,1.8597376089988185
737,2.0733887513999267
738,2.1145935627168884
739,2.0460547322160676
740,1.8110106331093565
741,1.819084673081517
742,2.176515477062333
743,1.9691853897235854
744,1.9430679266452398
745,1.8887365086001378
746,2.371253405183433
747,2.390921868295689
748,2.6391240339653126
749,2.065004603736498
750,2.1504759873554926
751,2.4902242192713335
752,2.5609841943539147
753,2.6331063390913902
754,2.92744930346685
755,2.9191578452403784
756,2.9771210780444637
757,3.041349171518779
758,2.7976009798183608
759,2.919483771526818
760,2.964167109809915
761,2.9884740266592
762,3.235669820981906
763,3.047920239422288
764,3.086060544470883
765,4.303070123230665
766,3.428066327805257
767,3.65826337784354
768,3.565283084706003
769,4.192704398263189
770,3.2705316534471938
771,4.3569443626091395
772,4.4554981468333725
773,3.5277953069501273
774,4.032667848150149
775,3.839499092955351
776,3.6691511141827933
777,4.724201418383084
778,5.051896958864474
779,4.682982236779023
780,3.9246210233807197
781,4.9204492070460795
782,5.161707479739699
783,3.8170214719996673
784,3.910316439023699
785,4.8011154781700665
786,4.589278165858307
787,5.41292121121213
788,6.4388099760048805
789,6.05989250011684
790,7.0953643669392354
791,5.871983459522696
792,4.5400505437128755
793,6.6523720477945085
794,4.342175098694481
795,6.9934014023047215
796,6.849914962422252
797,6.236069659294166
798,6.632875218515716
799,7.911581272501431
800,6.871196341083086
801,6.596368748094123
802,4.838619786510617
803,7.9579721920463
804,7.039800197280332
805,6.884409446937708
806,7.478277479681059
807,7.98650427266189
808,7.120779886549837
809,7.680462066374027
810,8.78686031687075
811,5.181035638128457
812,5.385833565308106
813,7.914777546824931
814,8.680770639948967
815,6.41351032480389
816,8.88546896081494
817,9.780948087237078
818,5.471085663572687
819,5.778258512552086
820,5.826184134809663
821,9.624521289411717
822,10.472983857256484
823,7.825801961192484
824,10.462817188268176
825,10.562650259076706
826,10.34801624863843
827,11.410148837518026
828,11.674268812100028
829,10.639230483703974
830,9.98067831841709
831,10.883311862813862
832,9.05726234205219
833,9.003678658643118
834,9.800348567136458
835,7.218767298620884
836,6.812988367139403
837,12.378738422896973
838,11.821323349601695
839,9.403352307426891
840,6.400374397998281
841,11.253094388899722
842,12.320023234868025
843,10.847487340920264
844,6.757786129304824
845,6.540343416739033
846,11.963214031502766
847,11.098158144335006
848,13.25000462495759
849,12.960106185297676
850,10.202099870725718
851,11.75034178870337
852,7.163704420021903
853,13.52504510262742
854,13.174290276860361
855,13.8825093835156
856,14.722495509369182
857,14.79644528106586
858,13.348366163533246
859,8.802234732831359
860,7.117164711747
861,7.039628751003578
862,10.592123089304732
863,14.055634520125524
864,13.128503658842432
865,7.083886040216419
866,7.136514556833919
867,9.964057124180922
868,13.799137092710678
869,13.896100324839255
870,11.193296592566455
871,7.23275696684508
872,13.151455236679272
873,8.910373385689226
874,13.290710264887469
875,14.735156278715841
876,10.944702470270066
877,15.56017422028863
878,14.72153220262328
879,8.689718985928534
880,7.394337022146872
881,13.048375417392256
882,14.300870281762402
883,12.19450297791068
884,10.789906780846902
885,13.988122168337085
886,10.67889348455662
887,7.4498457759597185
888,7.421111376993792
889,13.408970747940138
890,7.479466643756262
891,10.640711875062538
892,15.166655963472843
893,15.339293810051867
894,11.813832109666357
895,7.5083081835171965
896,10.517109440481393
897,7.525398321117119
898,7.5236702960448785
899,13.88709211953874
900,9.2990438558088
901,7.587860520304804
902,15.057492876936353
903,11.58173104021806
904,15.369451224925339
905,14.273550257062304
906,11.623822284048948
907,11.708228686859373
908,15.140428078863422
909,12.795562151491627
910,8.377109998288494
911,7.553683021561879
912,14.413374779017218
913,9.169351005822765
914,10.112527650258055
915,9.368851118882423
916,13.276524186873292
917,10.249639898000298
918,7.578179042676686
919,12.457357297717198
920,7.463599809302404
921,14.864891436306603
922,10.428246135333557
923,7.430072273602195
924,9.853165719059232
925,7.534804729978742
926,12.073737552117667
927,13.385199229241296
928,7.84347652402048
929,7.385185311294959
930,13.058243584195292
931,9.00904637572947
932,12.90882920352822
933,8.754519350668973
934,11.100174214713537
935,9.472820842688265
936,7.286998830684306
937,7.911674144739636
938,11.14964003369844
939,7.44506898581866
940,7.145701120578984
941,14.083747391046076
942,10.643163965543224
943,7.697340434817345
944,7.024947834174388
945,7.140683449623274
946,12.75458789239056
947,11.969371811647346
948,6.937938030388972
949,6.936516171676315
950,6.919955720315265
951,8.652203461123758
952,6.835584502899772
953,6.8506235583278885
954,6.824910845654892
955,12.404482250763843
956,15.244756043986762
957,15.591622902378383
958,8.07404128485549
959,6.639442109555927
960,10.64917789046968
961,12.547040984135096
962,6.849876302489696
963,9.853983399460203
964,7.910960522692517
965,13.1608561471858
966,8.86140776668827
967,12.674996932582914
968,10.037213132078927
969,6.292563561043109
970,12.75690658501921
971,6.129831158655085
972,6.0625536453848845
973,9.6764612035676
974,9.280596988579077
975,9.878487360335559
976,8.523206139827622
977,11.625859481588712
978,11.645099994950533
979,10.021326399657115
980,5.829412549924755
981,6.32484710866651
982,10.28781117098719
983,9.775602366324605
984,6.998747950627804
985,8.798112013451016
986,10.80882734455232
987,5.473891731442973
988,10.256164884429854
989,10.77283905227073
990,8.943336090135446
991,8.896265991962496
992,6.244777458191357
993,8.476560728769567
994,5.1838064550421326
995,9.882808908834583
996,9.50949376218059
997,8.458105590247822
998,4.953283967504635
999,5.079721956168261
1000,4.891714236202175
1001,4.912778611681413
1002,7.65896035760651
1003,8.938538724451332
1004,8.23870289841345
1005,7.573509681520993
1006,7.7554045157129
1007,7.298577150029371
1008,7.831115300853673
1009,8.048041085832782
1010,4.328141193521489
1011,5.049697122174036
1012,7.201123117419464
1013,7.461738044324453
1014,6.497656445678091
1015,6.371638489287133
1016,6.263564415384068
1017,5.126656430804815
1018,6.46492787600931
1019,5.8599813560851315
1020,4.89164526493539
1021,5.386941850050715
1022,5.1667973443448005
1023,5.042453950360617
1024,5.34651558431418
1025,5.061842465472986
1026,4.942848309087333
1027,3.596695870201866
1028,4.949143424376287
1029,5.188389199805071
1030,5.2977148186963525
1031,4.175443962960828
1032,3.7927750979338164
1033,4.7038112708271065
1034,3.4328643412445143
1035,3.301985494670932
1036,3.267629838916737
1037,4.022910845779117
1038,3.1737045850943346
1039,3.9542309373361864
1040,3.7430144335434683
1041,3.6011269461385
1042,3.081436868549182
1043,3.0513193368148066
1044,2.98678848307813
1045,2.888414015485079
1046,2.8692673090091234
1047,2.877506574843115
1048,3.2919492393957626
1049,2.7243684752110413
1050,2.5971259439777477
1051,2.3544380200629167
1052,2.1562730303223114
1053,2.4426947768363423
1054,2.4313323144001724
1055,2.2307532707768614
1056,2.1199183394003667
1057,2.4403992759134265
1058,2.615715828058242
1059,2.5215521746115637
1060,2.8161777599991744
1061,2.5276026101109776
1062,2.491523204582231
1063,2.4803799895403227
1064,2.4825581342161924
1065,2.128748917660273
1066,2.263776465904499
1067,2.349666565993457
1068,1.9377353797532093
1069,1.9789817161890193
1070,1.1939365832519462
1071,1.392121996007794
1072,2.143662632156591
1073,2.2914419831730153
1074,2.326431976393104
1075,2.32293946948257
1076,2.2429588968988057
1077,2.2155746367288156
1078,1.2585594109942289
1079,1.4132166065576417
1080,1.2682132249822438
1081,1.3245507725733967
1082,1.5010940443231027
1083,1.5447225433870848
1084,1.3385774627506564
1085,1.2040340327694716
1086,1.6558658320341761
1087,2.1681655056049234
1088,2.1832186727786294
1089,1.9717268817498868
1090,1.2477253618133552
1091,2.1005659176850537
1092,1.396891716140857
1093,1.6493880796417066
1094,1.7428916044812652
1095,1.5801692660604258
1096,1.5906949450419532
1097,2.3104169808320076
1098,1.8408337269643145
1099,2.3431156521587035
1100,2.109250069037552
1101,2.1018032017946533
1102,2.3203314560776502
1103,2.062027463366408
1104,2.3696847731528488
1105,2.2803622627434725
1106,2.3262166025782274
1107,2.2051658822682763
1108,2.4249139270121107
1109,2.2657234959762427
1110,2.4404363559541604
1111,2.447741537397154
1112,2.428582101777473
1113,2.513197296965755
1114,2.6750915929964707
1115,2.6991681830062713
1116,2.7643854585813896
1117,2.6863293691829933
1118,2.6020379994939704
1119,2.8391847059325537
1120,2.652300949771927
1121,2.715551060040789
1122,2.7635175958904115
1123,3.241752808295007
1124,3.1792371519616154
1125,2.916714688359538
1126,3.3419018625839705
1127,3.003820887259058
1128,3.475754275603138
1129,3.6532410884260322
1130,3.7497802223273924
1131,3.6289847770823354
1132,3.951325060237253
1133,3.5219134576961073
1134,3.2191252235690193
1135,3.3162215968679476
1136,3.37544924580971
1137,3.4089975374247
1138,3.4486198432913575
1139,4.770505095527047
1140,3.4732769817413596
1141,4.1564195835171756
1142,4.186863586811963
1143,4.367320483930467
1144,5.452763750276191
1145,5.308298978224845
1146,5.923353603557032
1147,5.778494689074053
1148,5.2882988915236355
1149,5.875388175051761
1150,5.418585148573807
1151,4.042675820133827
1152,4.055128696290419
1153,4.085492167519872
1154,6.18485059597452
1155,4.188046591105741
1156,4.254599000755457
1157,5.44258629738037
1158,4.3254113981124975
1159,4.372629935139919
1160,4.414281442373105
1161,4.46863171588177
1162,4.5141103398132625
1163,4.560120432506301
1164,5.362002708060315
1165,8.210478507188324
1166,7.283518913268229
1167,8.481845488268936
1168,5.502209517240786
1169,4.993877745907395
1170,8.229944270271172
1171,6.8132242650504296
1172,8.2492201312195
1173,7.614642338827852
1174,6.032745676360734
1175,9.175173634755946
1176,5.07634387979496
1177,6.898001834528438
1178,7.267856543764864
1179,5.297502067443463
1180,9.117304830418082
1181,5.387462740713176
1182,5.676709263163435
1183,6.950548471872195
1184,9.560596179604325
1185,5.543472515223507
1186,5.567675489041049
1187,9.690878439123352
1188,10.39440033222785
1189,9.464381278055832
1190,9.976749710929678
1191,6.084310022225351
1192,7.465047384019354
1193,11.586263353763176
1194,10.395380200063551
1195,6.043320490143335
1196,9.576729975006543
1197,6.117491161471591
1198,11.026027564899312
1199,9.103938031223475
1200,11.946985235255962
1201,12.213478437053519
1202,10.278037410554347
1203,6.501272518539394
1204,6.913924196350122
1205,7.879607383081109
1206,6.398315938094803
1207,6.438092891569672
1208,7.525210613683211
1209,13.28865193956062
1210,12.132902371134005
1211,6.827901284017891
1212,12.154944282979358
1213,7.355637697696299
1214,10.176578779725748
1215,11.609227844619012
1216,12.62877894641826
1217,12.640523750864826
1218,7.5349043907362745
1219,7.64905093028273
1220,9.440544682595144
1221,10.880299450842859
1222,13.69657578048118
1223,13.793347043598137
1224,10.609319471754326
1225,10.811991740288516
1226,6.987991546876434
1227,14.756140550703892
1228,9.452258333761089
1229,14.909238042347836
1230,9.343720126518267
1231,14.053022777976786
1232,13.7831746138227
1233,7.211742722120993
1234,10.83089393014071
1235,14.558237836218026
1236,13.765166023140452
1237,7.490467877141488
1238,7.287815250807285
1239,7.258632887419051
1240,7.270303160758628
1241,7.266620993869983
1242,14.57973292761806
1243,7.944528211041371
1244,7.477825091008708
1245,15.472231579715267
1246,13.04416845224009
1247,15.448705055095632
1248,15.533928699762026
1249,15.525691613394894
1250,15.956715079374069
1251,14.92650089077081
1252,13.557092319528056
1253,12.951027850228165
1254,16.10994048411082
1255,15.92071379007439
1256,13.877610400342036
1257,13.886489849975813
1258,7.502275955700813
1259,11.357497561677697
1260,10.445284533581004
1261,10.448577126075682
1262,13.02887841578934
1263,7.950819140181704
1264,12.622949377534418
1265,9.968704141359325
1266,12.559207785499623
1267,16.686658925156163
1268,12.028601086241475
1269,15.814234064645358
1270,15.709755021536065
1271,14.296005415103428
1272,7.565568118701273
1273,7.6428245747912396
1274,13.601335050535413
1275,11.94106197319993
1276,7.570359856979566
1277,7.564072172785877
1278,7.573765140194282
1279,7.5643129078828775
1280,7.547044160096809
1281,10.58253076428936
1282,13.874807792106102
1283,7.486865137642666
1284,7.4627771318252
1285,11.234517888402522
1286,9.640005754061002
1287,7.461085164893271
1288,11.591864709874319
1289,10.827051508646038
1290,10.956507906815887
1291,9.029964839928363
1292,7.879641642170687
1293,7.589828619417265
1294,10.7195426105283
1295,10.848822898912786
1296,16.21444188837693
1297,15.17840021068545
1298,12.893229070096025
1299,7.22587730972945
1300,10.152864869262245
1301,12.879239724022195
1302,14.401287261885994
1303,15.348372619256253
1304,12.433198178954424
1305,12.403766595495863
1306,7.365828974446921
1307,12.71804784092989
1308,9.79317496039881
1309,7.093972142946009
1310,7.057085269003199
1311,12.846793471563112
1312,15.084211824444626
1313,8.430733315953928
1314,6.982723371286385
1315,11.901249837893976
1316,16.297336581290168
1317,8.123002057924149
1318,6.891209702092775
1319,6.789854160604188
1320,6.8005522493936565
1321,7.027058168763677
1322,6.69215402515681
1323,6.628186589443057
1324,13.381056774700545
1325,9.04444848475362
1326,8.962573594087981
1327,13.708155953515522
1328,14.938679153245738
1329,14.453057194586403
1330,7.668225575848002
1331,6.421512957285619
1332,6.3499300731022394
1333,6.341658138538994
1334,10.368632817253689
1335,6.298857068600828
1336,9.380203639723499
1337,7.654127407420975
1338,6.160997175376865
1339,9.783628683012106
1340,7.078119252801589
1341,8.701991334732813
1342,12.795641560577362
1343,11.484466076187536
1344,5.905234036962633
1345,5.885178744323505
1346,6.914271838483762
1347,5.705679895945148
1348,5.7068587009376675
1349,5.65596053592753
1350,5.598163072081877
1351,5.977902428642346
1352,10.899026507084296
1353,11.352884579485725
1354,10.804188177910913
1355,9.274979685803494
1356,6.720912704895118
1357,5.2635156449813625
1358,6.684020618730433
1359,5.665554956435116
1360,5.083161749335231
1361,6.351932444409751
1362,9.515541999566945
1363,7.42730438537099
1364,7.932917071918018
1365,8.821311389213365
1366,8.141977985477222
1367,4.976562043007413
1368,8.786038353645411
1369,7.70663817039263
1370,4.863110293902227
1371,5.674738889042131
1372,6.744317166994058
1373,6.747875755772661
1374,8.515882529156626
1375,8.066529528401151
1376,4.852008180966052
1377,4.800832585065941
1378,8.272651737923198
1379,4.835849884003126
1380,5.8288520708786695
1381,4.114630686056103
1382,5.881665130554861
1383,5.994224379877819
1384,5.977905001659472
1385,5.600377867136077
1386,6.351734438791053
1387,5.495389150592581
1388,5.158982569875222
1389,3.7644256748072964
1390,6.402470573850037
1391,5.543534542270031
1392,4.864848996721097
1393,3.544501068346353
1394,4.822198231145682
1395,3.688014868935227
1396,4.792658651423681
1397,4.6700814239244295
1398,3.9959587598592248
1399,3.352309749371966
1400,4.697460961260402
1401,3.786012052820972
1402,3.3196226229473753
1403,3.901682047897583
1404,3.630386904665567
1405,3.5673569949254427
1406,3.581624671424888
1407,3.287584668504455
1408,3.102304143138184
1409,2.779700582011575
1410,3.216250107631322
1411,3.088072122407069
1412,2.5852552614159157
1413,2.838695711282404
1414,2.452847966047229
1415,2.466620399165481
1416,2.9134087273739384
1417,2.865434768246123
1418,2.471103645321256
1419,2.4795586792310695
1420,2.41016032879854
1421,2.3184164711963096
1422,2.6028011326731404
1423,2.448648532349468
1424,1.9495794294766124
1425,1.5700644743751546
1426,2.0083984459706246
1427,1.572190129602169
1428,1.8027571176410717
1429,2.3486506356318597
1430,1.814685419909087
1431,2.336059812906332
1432,1.4209801505424347
1433,1.531180353248657
1434,1.896413454206158
1435,2.3457618324818847
1436,2.2702799262089632
1437,2.220451208188491
1438,1.4933230591938909
1439,1.7417664015309091
1440,0.9913849059080908
1441,1.3963830801614767
1442,2.2483298849195035
1443,1.598376069864429
1444,1.4793628502920857
1445,1.4540796778754919
1446,1.9214342198697474
1447,0.9469494001571181
1448,1.8766608304358066
1449,0.8367051491904309
1450,1.9749894851113083
1451,2.0519782442410084
1452,1.316018229843693
1453,1.4489091042032465
1454,1.4795218661861158
1455,1.5891544584293538
1456,1.5725467264579551
1457,1.7727792936972957
1458,1.444695722589703
1459,1.915707298898079
1460,1.7638705208888572
1461,2.2984024526465374
1462,2.200840366747623
1463,2.3403238939720037
1464,1.8515843629916784
1465,1.9544362444033831
1466,2.0139566912390015
1467,1.7377882636405904
1468,1.9385119094284287
1469,2.101316661468669
1470,1.9485054743513235
1471,2.11545013606547
1472,2.0633808317569633
1473,1.940295131148428
1474,2.23645113302355
1475,2.398248007765055
1476,2.505481987767191
1477,2.1766739218653237
1478,2.3086401075314162
1479,2.378231263837045
1480,2.6576475613317214
1481,2.5744649084881024
1482,2.6524919516059597
1483,2.744333635997368
1484,3.020948811756046
1485,3.025440355543769
1486,3.009301008833501
1487,3.087531350754105
1488,2.938572466704085
1489,3.298186557886936
1490,3.516820692310729
1491,3.3421297185629886
1492,3.5287006177625972
1493,3.1087994165008768
1494,3.1621415900777636
1495,3.1850822987513854
1496,3.9158318180351053
1497,3.5144527654273894
1498,3.8257234552405084
1499,3.518283214351298
1500,3.8038086596656426
1501,3.3304531318357786
1502,3.413542859005617
1503,3.4299954695663666
1504,4.023086326979403
1505,3.524871130206782
1506,5.304089522493443
1507,4.8115506457951875
1508,3.6223654531346035
1509,4.741824457666079
1510,4.958611437577284
1511,5.329912294719075
1512,6.358800933522963
1513,6.644771878244533
1514,6.314623944854249
1515,5.576700657520897
1516,6.017078905448723
1517,6.2778733740155666
1518,4.098701567444976
1519,4.139232170144165
1520,4.216045928474735
1521,7.029298536798598
1522,7.407594090946152
1523,7.329375748340702
1524,5.592888936238529
1525,5.313221727959435
1526,7.505685671488543
1527,7.077322446420693
1528,7.36333155671114
1529,7.738142520304974
1530,7.711074644193613
1531,5.616203477172503
1532,7.471137044040768
1533,4.729561938851491
1534,6.525758325950514
1535,8.461023784742807
1536,9.0701656654292
1537,7.720663137768212
1538,7.681731136055018
1539,5.035679338116479
1540,6.017450399360065
1541,6.431794621037815
1542,9.503804431050956
1543,8.800680329500022
1544,6.59660473120847
1545,10.041547461988639
1546,7.299304805439574
1547,6.419959947010578
1548,10.626988277865411
1549,9.750676864811606
1550,9.86949013146521
1551,8.983023622028078
1552,5.5916459796543325
1553,9.082600441748962
1554,11.50519689757305
1555,10.814879665734109
1556,8.509151868169795
1557,6.025577752197599
1558,9.961977605868412
1559,9.455858765212648
1560,6.728313773713516
1561,11.626409447820153
1562,10.499121465787049
1563,10.333720589194147
1564,10.234230926934355
1565,11.07593985951345
1566,10.384914234922512
1567,12.713156819205356
1568,6.2793252156680355
1569,6.804136920278505
1570,12.472622164613774
1571,9.966485961971742
1572,6.439444770419691
1573,12.129559138240985
1574,12.192166574456904
1575,11.263015100628262
1576,6.576521562402877
1577,6.621157830522734
1578,8.010399233259385
1579,7.574549039776768
1580,6.799466319262215
1581,11.302456875653704
1582,11.864408540895756
1583,10.273118502453944
1584,8.32342465439053
1585,10.620407648694187
1586,7.352620477983392
1587,12.217985335863137
1588,14.076261537746607
1589,6.954505365875528
1590,7.029854401259698
1591,7.0384238985421606
1592,7.020927032527171
1593,13.985834175432554
1594,13.262902310998683
1595,9.667684453578127
1596,11.98819856412987
1597,14.548122315073734
1598,11.422850915422938
1599,7.030987864400577
1600,7.175924063526445
1601,7.243145068443605
1602,13.452900771258225
1603,10.29533377720667
1604,14.703794391228172
1605,7.264612787675361
1606,8.00222545392041
1607,7.325216769094013
1608,9.916178208303542
1609,7.420562972921179
1610,7.346284934918824
1611,7.368076899990515
1612,7.37842681856353
1613,10.610655949701606
1614,13.750461305560586
1615,14.867792585905711
1616,15.382890095411959
1617,13.848820463106161
1618,12.358899868521819
1619,14.161520908776689
1620,14.86082138088205
1621,10.015728613108688
1622,14.37131839384391
1623,13.011522312727882
1624,9.615689006409498
1625,15.938912602138444
1626,11.063213558535773
1627,9.745432149019363
1628,13.02864698073643
1629,14.295232540531588
1630,15.795409724124514
1631,16.242212110171074
1632,15.369448261001985
1633,12.629462875786825
1634,7.575003903409936
1635,7.5360501914937315
1636,7.527098938394597
1637,7.525012794765173
1638,7.492322161521927
1639,12.108852599388744
1640,7.716679994009569
1641,7.802739063056052
1642,14.913930792768312
1643,14.797960761038729
1644,7.5746599759075295
1645,13.029814479331801
1646,15.678515081905328
1647,11.056776328069189
1648,7.465896829362161
1649,7.492745093759537
1650,7.511653827121155
1651,7.4779507137843275
1652,7.431790930393294
1653,7.455310760869017
1654,7.463744533064903
1655,7.52956426182722
1656,7.833946997512843
1657,9.73558814420436
1658,7.816677791892834
1659,7.355708235597457
1660,7.354362638630195
1661,8.82681560294176
1662,9.00595452790489
1663,13.721356553803595
1664,7.233218320953525
1665,7.236522931623727
1666,7.221175468098117
1667,7.677145752701495
1668,7.225039223381396
1669,7.879839537038317
1670,10.948173758695166
1671,7.160627773474687
1672,7.128480297299211
1673,7.116094324496371
1674,7.0915232244079425
1675,7.150100927119575
1676,10.075648287792266
1677,16.49142324974864
1678,7.842450435240821
1679,7.292203980359066
1680,9.864101812667258
1681,7.039152659437629
1682,14.278240742042449
1683,14.962863679098891
1684,7.019512436299461
1685,10.803680186185991
1686,10.84224654827316
1687,12.660092883962632
1688,9.993877530315581
1689,6.653137215716912
1690,6.582958002204977
1691,8.951171885037159
1692,7.492554056438318
1693,12.186345264410903
1694,8.210141929485843
1695,10.359271828500887
1696,6.3530469518123835
1697,7.209946160382472
1698,6.275302768483446
1699,8.021712225572017
1700,12.73611805808531
1701,11.049573727395552
1702,6.751298149595188
1703,12.726757664185326
1704,13.102740685726307
1705,6.011648663198117
1706,7.648018899643106
1707,5.92163793606152
1708,10.436735985588385
1709,12.367523630663463
1710,9.281409064086075
1711,5.578635115736145
1712,5.593072056718968
1713,5.6344856286930805
1714,5.64189095942504
1715,5.596309641072863
1716,6.1960723003072244
1717,8.906483775620298
1718,11.155779213560658
1719,11.15259924323672
1720,5.432062839861526
1721,5.275751289505652
1722,5.183128568227736
1723,6.781705823343561
1724,7.866440449122034
1725,9.571215079731747
1726,8.710272689738403
1727,9.301127000269371
1728,9.413254179008028
1729,9.13751377170983
1730,9.381116404992625
1731,6.079679502573847
1732,4.744655906429513
1733,8.38542919856907
1734,6.840343465062098
1735,7.408698389342794
1736,8.064564850853216
1737,7.853332643647087
1738,6.15188814442731
1739,6.7401207144481
1740,7.576398713556182
1741,7.184476147571108
1742,5.373405096552417
1743,6.023531713984149
1744,6.69279350088734
1745,4.024580420818864
1746,6.902100240821153
1747,4.041636001009987
1748,5.7857122874629106
1749,4.796390389244097
1750,5.595931362284623
1751,5.9873081757181
1752,6.3075324142543865
1753,4.856830841595548
1754,3.7260635986428627
1755,3.726968045244349
1756,4.997756399024976
1757,3.514856752511032
1758,4.750646728546401
1759,4.8756581126335865
1760,4.875926050497863
1761,4.411875863650847
1762,3.4125730742709863
1763,3.6305152853284364
1764,4.522645649245262
1765,4.75309286027401
1766,4.892820638303625
1767,3.255297599475049
1768,4.797022775355969
1769,3.2498129615268487
1770,3.1422274264516354
1771,3.127056660481423
1772,3.0484822548549553
1773,3.0069468049911814
1774,3.3460827002314706
1775,2.9789315595967487
1776,3.259023639349669
1777,2.7925873055182397
1778,2.624992101631203
1779,2.479380271983098
1780,2.717466794080182
1781,2.7287564439254806
1782,3.353515960771841
1783,2.718240282045592
1784,1.8910252978583273
1785,1.7300470018288454
1786,2.4711848658300313
1787,2.416803537991707
1788,1.8057801841252958
1789,1.7382765055258202
1790,2.276670678263189
1791,2.4865617579956028
1792,3.0175119427148083
1793,2.506070309694664
1794,2.448508485932381
1795,2.4314817361960737
1796,2.420640565244973
1797,2.4071872887721906
1798,2.092380800335581
1799,1.8223419415373652
1800,2.2430238960535225
1801,2.2409107282162566
1802,2.226335630894469
1803,2.280355865823836
1804,1.5738247312162246
1805,1.5972519673822267
1806,1.8145400038974158
1807,1.670850763511397
1808,1.327767409393191
1809,1.3492502588894348
1810,1.3587220632728432
1811,1.2402480913859613
1812,1.0556625894202831
1813,0.946215364920107
1814,1.0754876117956167
1815,1.6866778084161789
1816,1.1058502521470848
1817,1.194747668302723
1818,1.3868752153580468
1819,1.2510600226118491
1820,1.2726403146030894
1821,1.3676687960933807
1822,1.8396441695932397
1823,2.249340858324227
1824,2.064482733441081
1825,1.5417228446526412
1826,1.881371485092151
1827,2.137165008721253
1828,1.8279859257099025
1829,1.829437605643812
1830,1.5764293329976464
1831,1.8712795890322953
1832,1.947669907364566
1833,1.8552582648038314
1834,1.928350589480746
1835,1.76186379157342
1836,1.9233343566510595
1837,1.8920154788642876
1838,2.1597379370723333
1839,1.820969188081274
1840,2.4538923814958267
1841,2.573163059888619
1842,2.6110123202544164
1843,2.7516871922141477
1844,2.6612794707293177
1845,2.6788494469962534
1846,2.726717550089003
1847,2.9604299813721227
1848,2.703559346397534
1849,2.785425939362886
1850,3.01074185388007
1851,2.98409436701984
1852,3.1964081180153565
1853,3.256814428404902
1854,3.3760833117801647
1855,3.0432884304689045
1856,3.477601880581764
1857,3.8175670820354277
1858,3.8964599823649833
1859,3.7542960669406726
1860,3.597959330060788
1861,3.350452715454259
1862,3.6196908183415353
1863,3.9691303472018733
1864,4.375720396726677
1865,4.27450432367508
1866,4.007555833033893
1867,4.298732533470113
1868,4.600752445088565
1869,4.091258893387791
1870,4.272457498988655
1871,4.372305281811819
1872,4.63070275924746
1873,5.17486274452744
1874,5.392327812821099
1875,5.431306007377962
1876,5.213058844331585
1877,4.396013928144701
1878,5.618587521487406
1879,5.529895538953293
1880,4.010537124763168
1881,3.9932986258267604
1882,4.039182750743684
1883,7.03693100308858
1884,4.415541583043278
1885,7.002399293241655
1886,6.854859759681339
1887,4.38170225046054
1888,4.356619039911351
1889,4.486021841762237
1890,4.4675559799390445
1891,6.140391084169774
1892,7.116877504986315
1893,6.599847326969774
1894,4.595575515861167
1895,5.724031223985028
1896,8.067420845537121
1897,8.625271616297987
1898,8.337504866394676
1899,8.104475938658297
1900,8.727245812994656
1901,5.294993973022995
1902,6.17841451728641
1903,5.026443412578222
1904,8.858826400447118
1905,9.205764590115356
1906,8.412899630767946
1907,6.00236490177857
1908,5.30231934474595
1909,9.220477660077416
1910,9.210904959016908
1911,9.78296315097521
1912,9.210668321959439
1913,9.172757328571475
1914,7.4708119753403315
1915,5.575542280084638
1916,8.284944227428856
1917,10.264419880279588
1918,7.949914421323382
1919,6.35170917483609
1920,10.630665239345078
1921,10.622285379772718
1922,9.487532704311784
1923,11.483582215430628
1924,10.27367832923713
1925,11.513170740608164
1926,6.082929375641051
1927,6.141620673478702
1928,7.757249717997844
1929,6.456340074347445
1930,12.005170201989127
1931,10.52059737885463
1932,7.692887987300808
1933,12.913335668150298
1934,12.16323686899334
1935,11.299374903969412
1936,8.635298814734385
1937,6.577701434135222
1938,9.769281786400605
1939,11.988046398789727
1940,12.295651211541319
1941,6.758504580417922
1942,13.305005933628122
1943,12.030609859507816
1944,12.31356372014336
1945,8.834054713023374
1946,14.419416393125589
1947,10.456469556350926
1948,7.121218583595209
1949,6.919363505136709
1950,14.091337490398068
1951,13.88669082666099
1952,13.466059659381504
1953,12.96709581910168
1954,12.158895746825237
1955,9.722872587561113
1956,7.203834769153639
1957,7.220399664036858
1958,14.620515240833273
1959,11.964931558210502
1960,7.1843606891389395
1961,13.50367323634914
1962,14.144180130589678
1963,10.15383743296768
1964,14.771423632901106
1965,14.25128920189622
1966,15.533527581748608
1967,14.654137440805384
1968,15.290991191377667
1969,13.476352157645982
1970,10.71709797211486
1971,14.491781493273532
1972,13.704391036058519
1973,13.114145357999792
1974,7.402307822658302
1975,10.202035953860813
1976,7.402070459780811
1977,10.320116217489435
1978,10.59713538367889
1979,7.552194723466987
1980,13.645880440287796
1981,12.348951838105048
1982,15.669560683369927
1983,15.045660030359969
1984,12.307113418720236
1985,9.994295565725515
1986,9.214084694440315
1987,13.507398500433204
1988,10.25818967486064
1989,7.756823861347516
1990,7.867761913086325
1991,7.629250951502901
1992,7.584741691643327
1993,9.165550789065616
1994,16.32621606899135
1995,11.408443292916372
1996,10.365502198600742
1997,14.130097284739701
1998,7.689681137587483
1999,8.71527895906106
2000,13.17521129010715
2001,7.524655717724131
2002,9.019270716222785
2003,8.03067473259858
2004,8.175048547964971
2005,7.7007642333535955
2006,14.376738101594453
2007,8.029870864047203
2008,14.551731432476217
2009,14.11897032200725
2010,14.804125006787368
2011,13.642484930995405
2012,7.61633344474013
2013,7.50989905749446
2014,11.351834526474587
2015,16.751237085703917
2016,14.490537789733267
2017,7.601248046603054
2018,10.181854157316186
2019,13.713904410849604
2020,7.663158399393059
2021,7.556402561908624
2022,7.3717596811868304
2023,7.327076775796057
2024,8.33179708704686
2025,7.350063546870149
2026,12.156581145277581
2027,15.850159155344741
2028,7.349983624390551
2029,7.422844516423847
2030,10.80750072670784
2031,12.47497938824064
2032,15.220943923480524
2033,15.977916711303681
2034,15.996890816020036
2035,14.560677317699746
2036,16.305350454077676
2037,13.501969489670328
2038,15.635105927355571
2039,10.285090551584531
2040,7.08590784881716
2041,7.364633274114327
2042,7.021011301437659
2043,16.43703694714001
2044,8.040131111681275
2045,15.506520200221308
2046,15.452077436997081
2047,14.045288590406432
2048,6.885903909175657
2049,14.038417042674913
2050,8.863268255948022
2051,7.34019903483255
2052,13.318794167901466
2053,6.695378867694487
2054,6.66767406070911
2055,6.77514214872031
2056,8.767789863967659
2057,8.194072604463962
2058,6.833161953758897
2059,10.815603460206505
2060,6.7435085491047015
2061,6.372578951048795
2062,6.494899663501983
2063,9.055831067293008
2064,6.312754791260992
2065,6.2829623334197615
2066,6.469071564074286
2067,6.800306427430362
2068,6.101913650451834
2069,7.114618649031355
2070,6.835595246006034
2071,6.265095905709919
2072,10.582590590804845
2073,8.845398966212883
2074,9.937292537123035
2075,11.413158045622264
2076,11.45597181553568
2077,8.623397380387388
2078,6.4237707984459
2079,7.315322603972428
2080,10.76121889636816
2081,7.15424984539148
2082,6.214131046156764
2083,5.520329188067593
2084,5.698361657171251
2085,5.407673846591557
2086,5.297136353411022
2087,9.180807912211499
2088,9.343168546666899
2089,9.902028718597201
2090,9.380654553119388
2091,10.129837205730638
2092,9.95094036088538
2093,9.992631562721051
2094,9.684570436064622
2095,8.117982995642684
2096,5.0259000395849505
2097,8.462201109073884
2098,7.8649309987996165
2099,8.2132284662144
2100,7.858165777733324
2101,8.928990986039153
2102,8.476549932852372
2103,8.084679852528991
2104,6.926739782054601
2105,6.3661950875745905
2106,8.236813921284106
2107,7.740696421597254
2108,6.8653676932619945
2109,6.142907584598168
2110,4.466897190546041
2111,6.678893240888433
2112,5.938000512623912
2113,5.228193003015431
2114,5.85337981908789
2115,6.52441947534728
2116,4.864306383406133
2117,5.494242437080109
2118,5.462100260558463
2119,4.778835131444794
2120,5.8405541107737715
2121,3.767471532757097
2122,4.8413313877040975
2123,4.276080190230607
2124,5.064080125275177
2125,5.219332564521025
2126,3.6346819303473885
2127,4.7021006336864195
2128,4.612035786317443
2129,3.6643849865394094
2130,3.8377820300350933
2131,4.041688533687498
2132,4.127540913978314
2133,4.059683520456117
2134,3.294759859376168
2135,4.0822960927815375
2136,3.3407697812769257
2137,3.5536180697261956
2138,3.068526434729178
2139,3.4286112860580893
2140,3.121237575729732
2141,3.3922414709081123
2142,3.147614840166745
2143,2.8183839647139335
2144,2.639190560408621
2145,2.9887539143315953
2146,2.6582192364151647
2147,2.4343352539948038
2148,2.590731788613282
2149,2.3999859033676447
2150,2.179232282855291
2151,2.2305644066519568
2152,2.447651896034074
2153,2.5798871553138802
2154,2.5062630484121895
2155,2.032663001354936
2156,1.9047830173245757
2157,1.4482379026249559
2158,2.071726370379902
2159,1.7615738644266408
2160,1.781954603920874
2161,2.3975078763369657
2162,2.0988330271276716
2163,2.1814264870311635
2164,1.2968476430017208
2165,1.8753322714736589
2166,1.5992961147663838
2167,2.225856246152188
2168,1.5767175621479996
2169,1.573363571659245
2170,1.4491306270107849
2171,1.4268233694175416
2172,1.4044084326990856
2173,0.8763162496574308
2174,2.2462853858181937
2175,2.2783614317693495
2176,1.9207256585283803
2177,1.7804991536297026
2178,1.446075121739197
2179,1.332895539451635
2180,1.0014707127382554
2181,2.104405536556516
2182,1.8946899979866894
2183,1.4329979556424641
2184,1.3199499197204903
2185,1.3051494450376948
2186,1.5503054790391362
2187,1.2320052376132695
2188,2.292125561108581
2189,2.3152552002620626
2190,1.8061403959828164
2191,1.6345269753967138
2192,1.963351955628939
2193,1.6963060863997477
2194,1.74148088620458
2195,1.7189229074083343
2196,1.5752441295142603
2197,1.6417977246411484
2198,1.7950462095926643
2199,1.6729653655641412
2200,1.786451731625446
2201,1.7550974534934634
2202,1.9626116317173974
2203,2.1329633883426045
2204,2.4085804988558035
2205,2.3220389331713083
2206,2.65954565253565
2207,2.481886845519356
2208,2.6573920427989846
2209,2.492504990405358
2210,2.591761152972323
2211,2.7034553949177575
2212,2.7670917723050272
2213,2.750533827960042
2214,2.8075372559609653
2215,2.8176817716169467
2216,2.8983338003482286
2217,3.0497117002157816
2218,3.2448343758178115
2219,3.241523967445673
2220,3.4465771489148267
2221,3.0841191896637605
2222,3.966768706414621
2223,3.0552339712185392
2224,3.4254612305281373
2225,3.373731577473731
2226,4.135350080370083
2227,3.3013723774783768
2228,4.184015917908108
2229,4.231956032762146
2230,4.40026777967592
2231,4.152443561411547
2232,4.4532323361933726
2233,4.805436184273155
2234,3.633166809193886
2235,4.572713838309674
2236,4.296968566239844
2237,4.599864708841807
2238,5.396737084054416
2239,4.391943341259655
2240,4.097491323164146
2241,5.2565206126354065
2242,5.313199796819944
2243,5.597114727786687
2244,5.238984693931723
2245,5.777890384912855
2246,6.0892909061663385
2247,5.802673957410056
2248,5.042541758512354
2249,6.244016422090353
2250,5.067057202177926
2251,6.0312999953806
2252,6.6246991890384574
2253,6.393009483803705
2254,6.262358173547926
2255,6.599903795881816
2256,6.03768287031898
2257,6.701913624180352
2258,6.681789250442261
2259,7.806540042349956
2260,7.416332944998066
2261,8.221422242351425
2262,5.838119948168738
2263,4.867622367458284
2264,7.80530079952532
2265,7.924440371413403
2266,8.223016623714807
2267,5.72660973663025
2268,8.754925140389215
2269,8.49923057697955
2270,5.360781621127341
2271,9.44964469955432
2272,7.705572806478057
2273,8.650136834260625
2274,8.590836291791998
2275,5.710881491681548
2276,10.164972462729732
2277,9.479897280860374
2278,8.51573662229757
2279,10.452199993624742
2280,7.968224976505105
2281,10.808932729107617
2282,8.18399178433236
2283,6.246612397237167
2284,10.970969499141447
2285,10.148926337768883
2286,8.572450115744335
2287,6.0663707276770165
2288,9.748753379956618
2289,10.504099295396754
2290,11.331928800117474
2291,11.396586886872715
2292,9.925018920753562
2293,11.485009745293501
2294,10.873257437906068
2295,10.960825812803584
2296,8.914023865368403
2297,9.898182340283741
2298,6.7859229740496625
2299,6.997184364484589
2300,11.407837808586429
2301,7.022800645591701
2302,12.797881413111424
2303,11.872639230177246
2304,7.192581320149629
2305,13.301013678626315
2306,11.519041448469999
2307,11.397394757445355
2308,13.524312137957214
2309,12.501863597462478
2310,11.597100820397149
2311,11.786782180435667
2312,11.392465331576803
2313,9.229281074739292
2314,10.94300970526733
2315,14.156972185847424
2316,13.247222777505815
2317,13.919086839029486
2318,13.220521319757696
2319,13.797198159693016
2320,10.71170030273441
2321,10.731840388723095
2322,14.00292183074971
2323,13.288738417963582
2324,11.16960027011039
2325,8.122847112666687
2326,10.022433990002044
2327,12.38279959063349
2328,15.499495979481278
2329,9.394458062590564
2330,8.534625301373751
2331,13.962482472117895
2332,13.592638149757445
2333,13.14095442574188
2334,15.972105400213213
2335,15.73234597496856
2336,9.12468845903166
2337,13.309495883653854
2338,8.211497734626066
2339,8.08279743674565
2340,11.498622184484697
2341,14.491734027725764
2342,14.66356471315041
2343,12.651713092711535
2344,13.736122357908114
2345,15.95297283983135
2346,13.31867829546454
2347,13.79803474181682
2348,8.90103867822155
2349,10.080107468895326
2350,12.011844381393384
2351,13.204958072708664
2352,15.322880329353334
2353,8.2817038306223
2354,8.075003568095182
2355,10.150355457720515
2356,8.033825484543542
2357,15.428314661030631
2358,15.689473725010224
2359,11.345077602057852
2360,8.04413058294608
2361,11.601448318503646
2362,11.950935051575602
2363,8.940604473660827
2364,8.423166594735527
2365,9.05429323725373
2366,14.559715534673606
2367,14.542966712213293
2368,15.303842879616148
2369,9.45676567889502
2370,11.891612603617137
2371,10.165459149770214
2372,16.20859141276562
2373,15.846910762912277
2374,8.036397725968344
2375,12.764104109183053
2376,10.282799178617108
2377,11.493832356612181
2378,15.923381270916998
2379,13.350780210554785
2380,9.43607546821421
2381,13.379198761504824
2382,9.315033743428135
2383,8.575834786304817
2384,7.694146339443033
2385,8.056075440937299
2386,8.445257322670415
2387,7.773406664124046
2388,15.708409272139782
2389,14.550303807553231
2390,11.331785067290141
2391,12.48157534314452
2392,14.534313565541137
2393,9.84765682540159
2394,7.847852815410035
2395,8.316309708822198
2396,13.576513605142779
2397,14.945931112495979
2398,15.729338054027625
2399,15.308774728534967
2400,7.5157594197726425
2401,13.641658618593333
2402,8.512582595508315
2403,12.724368783878734
2404,10.999921904141276
2405,8.079959860153004
2406,13.672760605931586
2407,14.464258946002436
2408,13.932200327854552
2409,13.07865983335882
2410,12.966730226344763
2411,13.271615757440898
2412,13.910590514522012
2413,10.48335510444455
2414,15.046129825496404
2415,14.427153583294722
2416,15.73402443563581
2417,15.19112305608239
2418,13.35102078905226
2419,12.889216164108424
2420,11.069672081298382
2421,9.94095248790186
2422,12.624890833237675
2423,12.651317328492066
2424,6.808327990832289
2425,13.793127551580465
2426,9.030238277323415
2427,13.380167350109195
2428,13.928577928744964
2429,11.497581671357786
2430,12.11573889231719
2431,10.52514498557385
2432,6.595539538556931
2433,12.861238826110181
2434,7.596863874624478
2435,9.754688942802442
2436,10.408124822681135
2437,7.426750287722043
2438,10.308002737848307
2439,9.415885217189532
2440,6.608294535258434
2441,7.898544872308147
2442,11.783667172484163
2443,6.868299796887628
2444,7.424605876099667
2445,6.406048052105044
2446,6.0976667109899685
2447,7.04695055977319
2448,5.938332075338242
2449,11.296527270688646
2450,8.499654798604382
2451,8.997646604932072
2452,10.83884388136818
2453,9.89757679853292
2454,10.236724491851671
2455,9.002177992397073
2456,5.368354178899189
2457,8.022723046306877
2458,5.744850939733799
2459,5.5280539570361915
2460,7.047585712061162
2461,8.802730575591003
2462,5.074175911665252
2463,5.191335494253277
2464,5.148329237598959
2465,6.025971191991909
2466,6.144533244133104
2467,8.416984623131011
2468,8.283476126721064
2469,7.575442090326431
2470,4.626986884741033
2471,5.010228043601778
2472,4.436257185699462
2473,7.456714176523363
2474,7.842812518403668
2475,6.707295217643356
2476,6.15026697353383
2477,6.588980206536594
2478,6.9114158005745745
2479,3.997499517053686
2480,5.043521115471293
2481,6.227057473857541
2482,6.122796525751934
2483,4.863890699435787
2484,4.120396112739382
2485,4.547947511915806
2486,4.529551319444213
2487,3.9833525956616165
2488,5.862287778512825
2489,5.168529245571048
2490,4.3985060577020665
2491,4.898071054861941
2492,4.420067341193556
2493,3.9659963114506276
2494,4.723948380629237
2495,4.680667633783797
2496,4.068624541523257
2497,3.263624598859507
2498,4.303073805463831
2499,4.072341843304922
2500,3.8018034294820504
2501,3.170953420154787
2502,3.044720225851216
2503,3.690418659821826
2504,3.179659785309277
2505,3.4029498356513184
2506,3.0354285840074198
2507,2.8016059636326505
2508,3.1545517592811736
2509,2.6477454324617513
2510,2.829518949094818
2511,2.7986513967796345
2512,2.4279013545961545
2513,2.210152209818329
2514,2.3881910937790085
2515,2.1317199184733804
2516,2.0410965400666035
2517,1.867943638340666
2518,1.8866307168942749
2519,2.4633356757059355
2520,2.2317650361576398
2521,1.7776098548332575
2522,2.4317963840633854
2523,1.9555466543567785
2524,1.5849360121192655
2525,1.7280616279348298
2526,1.8076878613277048
2527,1.579011958486082
2528,1.660048672118334
2529,1.5992278221072072
2530,2.128197817493656
2531,1.423944857141807
2532,1.6274610559825131
2533,1.7491422331181976
2534,2.2964986350276435
2535,2.1905859902135987
2536,1.538215099231623
2537,1.8544460470847683
2538,1.350481514318199
2539,1.3488897849659134
2540,1.2051178407077145
2541,1.6509572481869599
2542,2.2562397307857127
2543,2.26848795150519
2544,1.581449507888129
2545,1.6836132120823386
2546,1.8211050793101915
2547,1.8185273041977776
2548,1.5229662281394116
2549,1.8751987246035462
2550,1.4052438753348078
2551,1.947086717801227
2552,1.8539043390113852
2553,1.3422062718726036
2554,1.3423635680868156
2555,1.5919519585951711
2556,1.4471214059841362
2557,1.498585380372611
2558,1.042182406834593
2559,1.8295249036603054
2560,2.3563258989631417
2561,2.3943681585406864
2562,2.064625656760386
2563,2.1942088439346032
2564,2.3462357987101417
2565,1.6006704547341002
2566,1.7675581937173783
2567,1.8169539799231895
2568,2.172211431305639
2569,1.8367132972038274
2570,2.056249452831567
2571,1.9133576865711186
2572,2.2489444105577885
2573,2.5206252476272732
2574,2.456226651814597
2575,2.381974775651451
2576,2.6674322504368817
2577,2.6853163198564345
2578,2.8087222341667983
2579,2.5723015568556047
2580,2.7794405038496195
2581,2.806244123014398
2582,2.9701222892200128
2583,2.2108053000732495
2584,3.163604847527119
2585,2.2958064401261016
2586,3.1571684399643
2587,2.986406241443208
2588,2.9898752444880268
2589,4.123213698574873
2590,3.2125364377517722
2591,3.683638291960233
2592,4.002171957360904
2593,3.3165082493674456
2594,3.2476072945209498
2595,3.31020950415642
2596,3.409882191491211
2597,3.364961353169349
2598,4.872012902094484
2599,4.510290648882359
2600,3.487781793984634
2601,3.555867186630241
2602,5.5730149614006805
2603,4.126420678447708
2604,3.6380445373914556
2605,3.6885886511988595
2606,5.232150215814839
2607,4.803441348891939
2608,5.093285173307554
2609,4.90319124187515
2610,5.469295147849477
2611,5.440010172114311
2612,6.1222396155704635
2613,5.453794496746088
2614,6.334107161119298
2615,4.106219710685436
2616,4.231529097659456
2617,4.259018948066526
2618,7.494896507722514
2619,4.84177250231927
2620,4.414021280154604
2621,7.683108018509476
2622,7.37369598009071
2623,6.940879211674895
2624,5.559747097558156
2625,8.144090803341646
2626,5.5037391221349345
2627,5.0868136459420334
2628,4.805587054993487
2629,8.361693255976032
2630,7.9839858431557476
2631,8.526539482623505
2632,8.459158752935918
2633,6.817643036315989
2634,5.104324058563439
2635,5.335525463995051
2636,9.408529142361456
2637,8.935867749933443
2638,8.49721750832956
2639,7.504149084119867
2640,7.973640259639004
2641,7.032594360932979
2642,9.748405834447494
2643,9.014945448166966
2644,7.7143065750297914
2645,8.448664800407412
2646,8.938758332286236
2647,9.603158138638143
2648,8.964468224022276
2649,5.860209033210738
2650,6.953820254732574
2651,8.79823607130475
2652,11.191364092677311
2653,8.692037055671658
2654,11.065181130757175
2655,10.306589627987698
2656,8.327055718977256
2657,10.237820171428895
2658,7.551880357532091
2659,10.56092722871707
2660,11.086566419283901
2661,10.690165727588418
2662,11.841130403117898
2663,8.916427809297122
2664,6.991246050969205
2665,6.3398223790715775
2666,12.806846484045664
2667,11.75305337170649
2668,11.348095816613156
2669,11.886035998237109
2670,10.942297968279703
2671,11.828321844001321
2672,9.346468363164577
2673,6.601099714445705
2674,6.674741045507315
2675,6.848502262799532
2676,6.941600533779288
2677,14.06608472759494
2678,11.290106966195811
2679,13.52492683540687
2680,9.019848598299289
2681,13.542823100199362
2682,13.456001818936443
2683,10.96106332432927
2684,10.847793084242166
2685,14.24496242841159
2686,14.494894811684034
2687,11.963162357366368
2688,12.52438190418011
2689,12.60932019276608
2690,10.651941596119327
2691,12.165851853243153
2692,13.671553992542965
2693,14.889044203806158
2694,13.920323980477232
2695,12.559883086814336
2696,7.836757679819323
2697,10.886459375536521
2698,12.132625925686686
2699,8.855400245133158
2700,12.085013976234391
2701,8.029458209862884
2702,12.769355271875163
2703,10.82344606479908
2704,11.809204482801785
2705,13.495489517719928
2706,13.951046796829253
2707,14.986074222128202
2708,12.145170302531179
2709,7.396692409774795
2710,7.682783177927451
2711,7.58995827277771
2712,7.526135205175238
2713,15.873244899955505
2714,7.60209243295535
2715,7.535401700091153
2716,7.483565713433803
2717,7.496194809642474
2718,7.569214935683943
2719,7.696897669281485
2720,10.859113195233897
2721,15.852785737950109
2722,15.409735843662913
2723,13.613063932583922
2724,8.08616612916704
2725,7.607504966908635
2726,9.001989857426087
2727,7.594722607623462
2728,7.682130274022567
2729,7.658333516888981
2730,11.225596098331339
2731,12.457817043765811
2732,15.503039331722848
2733,13.340333445712298
2734,14.341684792787404
2735,14.079698554614374
2736,12.842637746559372
2737,14.363158193102436
2738,14.247061609064836
2739,8.168817298843749
2740,7.855134663141255
2741,13.932764197607511
2742,11.413081947640265
2743,11.257173039570397
2744,16.99690286457251
2745,15.682350944288133
2746,10.922945531392191
2747,12.127116614670417
2748,15.490049725088436
2749,8.231239972064529
2750,15.221120195080285
2751,15.923467004744488
2752,10.641217944551212
2753,15.814998189642823
2754,14.473892266688093
2755,12.483190959152886
2756,14.145510831606362
2757,16.114289038047065
2758,16.1538175925342
2759,8.998811430278659
2760,7.9808764060966615
2761,11.065155142419258
2762,7.483997477768764
2763,8.957566176773922
2764,13.450585743898067
2765,14.21817252642761
2766,13.634746161288206
2767,15.525177733635122
2768,13.030250825820287
2769,14.149097684163097
2770,8.44460121566163
2771,7.08737368132492
2772,7.147338855243012
2773,14.15741788770264
2774,7.062222785011243
2775,7.3238200271262786
2776,12.46742796433165
2777,9.223203424557513
2778,6.855818653672374
2779,15.551863887082018
2780,15.017580063172307
2781,6.685474654172255
2782,6.676866143011905
2783,6.80727617570556
2784,9.243891781832723
2785,6.615736016497937
2786,6.656919585385995
2787,6.543411101171853
2788,6.592768332722752
2789,6.590429440143095
2790,13.160855408868297
2791,11.778038373858262
2792,12.555488511903956
2793,6.48651020622778
2794,6.440524289432216
2795,7.700675997836488
2796,11.380921397147112
2797,10.444767911637541
2798,12.954400055208716
2799,10.13407777417502
2800,12.42868930603444
2801,6.912734754963863
2802,6.112801051936831
2803,12.16466040296261
2804,11.696139881794203
2805,9.992125546131298
2806,9.723403705489677
2807,12.465870260316239
2808,8.376101243865463
2809,9.772671758133457
2810,11.644559730382543
2811,8.879903730039354
2812,10.598290598742217
2813,10.651171205088547
2814,7.003235737635839
2815,8.282476830992861
2816,5.711391180475798
2817,11.031261591246128
2818,10.212741765347506
2819,9.262973229681691
2820,8.914981493788233
2821,8.425100441411288
2822,9.887153431168255
2823,5.18608991906552
2824,5.323638711383891
2825,8.014700155148388
2826,9.055443242315262
2827,6.832947344312029
2828,4.8249066645105545
2829,4.785119484594873
2830,7.320884819577396
2831,5.548993510482061
2832,7.025809971950039
2833,4.519400588918063
2834,7.35253961949653
2835,6.8534316660242265
2836,7.975925167401056
2837,7.834984407974999
2838,7.742492687433126
2839,4.758403783321651
2840,5.735515427784206
2841,6.3815071609048335
2842,4.0985861737136755
2843,5.865733028762574
2844,6.533276111561997
2845,5.444212553244526
2846,5.217040100199847
2847,5.625468443990709
2848,5.569170128657492
2849,3.832559605651446
2850,3.752972696629093
2851,3.6549632986771616
2852,5.8542896785084055
2853,4.963664208009933
2854,3.862631438397484
2855,4.280640531560116
2856,4.756397060970422
2857,4.803351520385972
2858,4.413023258232243
2859,4.249846867386344
2860,3.3003398258252514
2861,3.3999560517608858
2862,3.6124287847338783
2863,3.2163363551579813
2864,3.619089043831374
2865,3.461625393796889
2866,3.524233355541859
2867,3.0919680820470132
2868,3.1208754091522057
2869,3.711266088531377
2870,3.2635690821840573
2871,2.649863513951928
2872,2.685476726914912
2873,2.4137682317111517
2874,2.412737692311664
2875,2.5833086322267684
2876,2.4362213018557393
2877,2.6251928892902727
2878,2.5065872583863795
2879,2.284478734209525
2880,1.9606261451086207
2881,2.050372832218428
2882,2.5356889199075785
2883,2.7093253451983683
2884,2.5084283568975323
2885,2.5569250568450865
2886,2.6063462687159635
2887,2.455188338463662
2888,2.470952025121236
2889,2.482026599824775
2890,2.4689427775051085
2891,1.7664631954574483
2892,1.486547679153297
2893,1.645826456838405
2894,1.462413594438118
2895,1.4877204690949037
2896,1.421162686333754
2897,2.0103423224044117
2898,1.3506246108411561
2899,1.1658748590908976
2900,2.1605916188677394
2901,1.258329145454148
2902,1.3668828613434476
2903,1.1760225049998212
2904,1.3715970031632274
2905,2.146716799639975
2906,1.529459056668668
2907,1.453626258942232
2908,1.304016608014468
2909,1.6381901808503128
2910,1.4495805213204083
2911,1.341103823625871
2912,1.3425315941329883
2913,1.6317336570824397
2914,1.5930791351185434
2915,1.219864560989664
2916,1.2753259850309222
2917,1.0620962661502835
2918,1.3622822867714515
2919,1.5327828744008043
2920,1.1720034953069147
2921,1.6304228088269355
2922,1.5854378220399985
2923,1.5824395157478506
2924,1.1082739045637044
2925,1.6640021845438548
2926,1.8445788603608912
2927,1.555221360615242
2928,1.5483473880624965
2929,1.474674659103778
2930,1.44356025543573
2931,1.5805568737846345
2932,2.3118500477801227
2933,2.201763677577244
2934,1.7803691406864832
2935,2.4271359702087496
2936,2.558326388579898
2937,2.5233044533919897
2938,2.056336099988825
2939,2.1190151614501707
2940,2.315847406751682
2941,2.6931371589415
2942,2.7347326306182262
2943,2.7209259672990784
2944,3.059939250368231
2945,2.8329721448204905
2946,2.813969809452802
2947,2.8234134032054925
2948,2.8405944680627457
2949,3.152500091201059
2950,2.9348216122658526
2951,3.12734786248686
2952,3.6029178179267793
2953,3.6264917731072837
2954,3.8066377913810587
2955,3.7322804027504795
2956,3.880653858827359
2957,3.474439645744734
2958,3.8665596504760247
2959,3.289184920768646
2960,4.141741554355146
2961,4.228514620114188
2962,4.263522414557994
2963,4.390015303558963
2964,4.280672726991511
2965,4.378287716852648
2966,4.651842122084039
2967,4.425702506278952
2968,3.599000575410656
2969,4.455322914718195
2970,4.388054214734456
2971,3.909101390048739
2972,6.022030295319973
2973,3.809224606658706
2974,5.748856709487712
2975,5.1381904553269555
2976,6.077726508236849
2977,6.373124675025349
2978,5.932796523320751
2979,6.402491534933805
2980,4.776144922271027
2981,6.312182412997846
2982,6.251118744443842
2983,5.658059996331175
2984,6.796048579227545
2985,7.002130093432337
2986,7.154104122571852
2987,7.779631565560635
2988,7.35838430528446
2989,6.628879130519683
2990,7.560669176416639
2991,7.394941126552965
2992,7.569011996965282
2993,8.335184660945846
2994,8.444737875837077
2995,7.887108763592819
2996,8.511355191048953
2997,5.197266358639361
2998,4.96774452064431
2999,7.421265769658483
3000,8.579773070568507
3001,7.7850931897056315
3002,8.77583580668232
3003,9.267133473855026
3004,9.820606133386363
3005,9.898929039948548
3006,9.048699685967632
3007,8.907713744818416
3008,8.553415643667517
3009,9.7543747783735
3010,10.174298553347782
3011,5.518121440780193
3012,6.048427753837984
3013,9.499149922550814
3014,8.281911065982648
3015,5.8280994783983235
3016,5.75392821605596
3017,5.977839185705804
3018,5.846639237458344
3019,6.281770543975675
3020,11.25560324737394
3021,11.827752414665937
3022,12.51581051878636
3023,6.239374230794071
3024,6.164207516586438
3025,6.25437828551655
3026,11.892658324088785
3027,10.033822239001559
3028,11.257957897804804
3029,10.941566732391898
3030,6.821024883845846
3031,7.368423546313872
3032,12.776843845747193
3033,9.697230970910823
3034,11.121646326171472
3035,12.540788732765206
3036,12.323514187193334
3037,12.362740478374166
3038,12.728626433948751
3039,12.34439292865748
3040,6.638350289123262
3041,13.28139447004684
3042,14.787538252684168
3043,12.898701446058093
3044,6.992516581110088
3045,14.319153736871097
3046,13.019593402493111
3047,9.772415826021684
3048,13.899018052609598
3049,12.572569731131004
3050,12.033199272588764
3051,7.097757433282861
3052,11.417384079960382
3053,14.324320549647197
3054,13.93589481219732
3055,11.652213589288392
3056,9.347000573704282
3057,13.996867101641019
3058,13.099301899214822
3059,8.716612943800598
3060,12.871228120909386
3061,14.817022245819858
3062,14.364056708412434
3063,13.729035755170898
3064,13.841394562316049
3065,14.239115854231034
3066,14.533168940885979
3067,14.18474686253049
3068,13.874524109470045
3069,13.823413133877832
3070,14.250402190923314
3071,9.299966120440669
3072,16.075897631223885
3073,13.155056650168092
3074,13.850042519706479
3075,14.400599712051832
3076,13.698108695421867
3077,7.502138855954372
3078,15.828710329599712
3079,14.628203293705408
3080,9.619237445260262
3081,16.14884751238756
3082,15.217648050373576
3083,14.161822535362095
3084,7.701972022850794
3085,9.142851528730196
3086,8.343431199313526
3087,14.934613660416833
3088,15.700564064554573
3089,7.719972478260738
3090,7.594877765363433
3091,7.941060787816203
3092,9.624622393546051
3093,14.252617569603201
3094,16.367340265208064
3095,10.957814379180718
3096,7.900794194601216
3097,11.822081876971277
3098,7.611956834591677
3099,8.24370122083978
3100,15.210616180541331
3101,15.440991394643646
3102,7.866763940406886
3103,15.184784685551165
3104,14.920845849683362
3105,13.373932548443785
3106,9.511868951621263
3107,14.373757222319208
3108,15.643294910012797
3109,7.610907574124842
3110,7.525834467872589
3111,7.763033819301274
3112,13.586718412777877
3113,13.59461500455516
3114,7.701843476610526
3115,15.654231533677272
3116,15.378958278531563
3117,8.915080084262051
3118,8.029648010470638
3119,7.882172595044695
3120,9.214681194772044
3121,9.804399835170752
3122,7.482818950928439
3123,7.6358102823947425
3124,10.105431928296412
3125,14.042320524059344
3126,7.720323210640309
3127,7.678513738421024
3128,14.237042809602732
3129,15.218507077025329
3130,15.797883306473423
3131,8.934478035750603
3132,16.25588911392446
3133,16.104916435685922
3134,12.702886208563635
3135,11.270487761588274
3136,13.288510400796868
3137,15.908294866654895
3138,14.647014689064026
3139,16.378472178007478
3140,15.26984801027279
3141,11.672887984922772
3142,14.678843894167532
3143,11.901643138071295
3144,12.301774163339122
3145,14.222955807623809
3146,13.238720253500373
3147,9.81630983752984
3148,14.391540128364015
3149,8.787645858148155
3150,13.91336013676047
3151,14.297802933951896
3152,8.645273724193938
3153,8.876367224865286
3154,9.043700501803707
3155,12.17612045752941
3156,12.1999372517566
3157,7.219423474878113
3158,6.316803240482533
3159,8.87671954635172
3160,13.051349800364738
3161,12.115747962012744
3162,13.200730021763317
3163,11.80331168539206
3164,11.183218532630109
3165,8.512978933879756
3166,12.019035975375163
3167,11.922338508258974
3168,9.807419242540604
3169,6.452215415129678
3170,6.1618658678363305
3171,10.294259944162672
3172,11.659922323027684
3173,10.728548970718874
3174,11.115085328429476
3175,7.7824463602877945
3176,5.949234557444468
3177,10.853617755885404
3178,10.679000257816721
3179,10.665500260559893
3180,9.19855046971169
3181,6.299421062192441
3182,10.179913543357635
3183,10.477054882202838
3184,9.37223556982958
3185,10.28649319039198
3186,10.35593176179416
3187,6.1728554760763314
3188,6.691269995906015
3189,9.14005954450732
3190,9.09473835476491
3191,9.29909688712606
3192,6.909341961323848
3193,5.728367342746549
3194,6.430135302635271
3195,4.757800382101634
3196,7.597923328643608
3197,8.110600286335853
3198,7.45487731145142
3199,8.008062985252147
3200,7.860116410591677
3201,7.658322229938884
3202,7.067076990389185
3203,6.270277017447502
3204,6.62347793481846
3205,6.434716282867066
3206,6.383826177467175
3207,6.295487907703642
3208,7.11307025309324
3209,6.961511506408424
3210,6.993645497948376
3211,6.1555031295963305
3212,6.16023993036551
3213,6.361347364379302
3214,5.712612551839152
3215,5.997490996325438
3216,3.7182219317316165
3217,3.669934357327902
3218,5.578511221425707
3219,5.692181860828848
3220,4.136606910212418
3221,4.099472788467504
3222,4.03013929284218
3223,3.8883364564769867
3224,3.9281320649054816
3225,4.142576223974394
3226,3.4714631507746727
3227,3.355321064991718
3228,3.94479004875064
3229,3.43096326261451
3230,3.3565475624760355
3231,3.0784236051362295
3232,3.1111143551060705
3233,3.0742792817049893
3234,3.0353487656286426
3235,3.2483916168797924
3236,3.0732272360542656
3237,2.918179399229535
3238,2.8929385839021196
3239,2.917829964224226
3240,3.526597286674851
3241,2.8719920543011823
3242,2.835078815222247
3243,2.712771599984016
3244,2.6859920326525697
3245,3.2297665800611712
3246,2.791401958345941
3247,2.6264444670075475
3248,2.594140167347544
3249,2.559712868691729
3250,2.5277037082996197
3251,2.135847677021273
3252,1.9390681721212006
3253,2.225638207966032
3254,2.4037565678573096
3255,2.1134195645774634
3256,2.2568892190908016
3257,2.2509187087894964
3258,1.9213553207676375
3259,1.6238350372864874
3260,1.3522418365787034
3261,1.9166288647003897
3262,2.2916045890664254
3263,2.282087600086909
3264,1.6499516755656298
3265,2.247788363646668
3266,2.201880789221171
3267,2.0725526730635058
3268,2.1583822743495094
3269,2.259695589130655
3270,1.861054291187756
3271,1.0651414658432792
3272,1.2699256667953005
3273,1.026548316221251
3274,1.220260829476965
3275,1.802728773233448
3276,1.988165497837623
3277,1.816157662410352
3278,2.2563947655118435
3279,1.6267544487947543
3280,1.0972459614571015
3281,1.507717116253109
3282,2.0096598983595872
3283,0.794768130489337
3284,1.0981526701750637
3285,1.4695478509152755
3286,1.8485898482297056
3287,1.224991200686075
3288,1.5404028025011227
3289,1.9987464545898659
3290,1.3313112349873695
3291,1.067884532761437
3292,1.468124978202269
3293,1.4749738064037832
3294,1.4121214469406453
3295,1.647531986363389
3296,1.6028710855590678
3297,1.6316591110397907
3298,1.7143815492897119
3299,2.115235247902608
3300,2.0337769611846355
3301,2.3242869108208923
3302,2.4415916698377025
3303,2.5485810176335013
3304,2.579429014443173
3305,2.6428002297741244
3306,2.658713055775274
3307,2.5546450279224633
3308,2.372270849876829
3309,2.6835156429360802
3310,3.1109282515197014
3311,2.920856389316411
3312,2.8912364265314547
3313,2.8301381098434586
3314,2.865802218875773
3315,2.9103480432214766
3316,3.114704397896548
3317,3.663644904626593
3318,3.5751372320880455
3319,3.7035757728286596
3320,3.5646358521027928
3321,3.535117231253846
3322,3.422437253809796
3323,3.8281359083564412
3324,4.308119358162787
3325,3.8490796622220573
3326,4.3330777538118
3327,4.656624390066532
3328,4.75910293120476
3329,3.772996214002476
3330,3.513099635325567
3331,4.36524675186665
3332,5.205202207526529
3333,5.28921643237225
3334,5.127040910876733
3335,4.977427842829156
3336,4.280839307658141
3337,4.990204645824599
3338,5.375102221677942
3339,4.354350323814755
3340,5.98620736733595
3341,4.578050644146991
3342,6.122633501051804
3343,6.3483428971807205
3344,6.66702555316398
3345,4.519941646436179
3346,6.414069754369165
3347,6.963926716977122
3348,6.9901146705566575
3349,7.400084771953373
3350,4.486989271132839
3351,4.869643314809628
3352,6.906525102963856
3353,6.701886804369216
3354,4.895850976673408
3355,5.325375117723094
3356,8.036612203480594
3357,8.37724810000012
3358,8.109999340246912
3359,4.790425521431024
3360,5.8713626661063945
3361,8.415344823654214
3362,6.673779361952538
3363,6.965764380274136
3364,6.778517117357364
3365,9.151721288009977
3366,5.1094330980588785
3367,9.875841559603604
3368,6.982085956249685
3369,5.334503935333596
3370,5.81127334254882
3371,8.592573085232338
3372,10.118587704262561
3373,9.672032683424515
3374,9.377415922839557
3375,7.164523318668515
3376,9.983485188122936
3377,9.470375391070531
3378,8.285020851693538
3379,10.902392588324325
3380,5.904248414260728
3381,9.50823900692002
3382,10.75276258049764
3383,9.69480722162012
3384,9.642348129069468
3385,11.087011683595282
3386,10.235827549620392
3387,5.979929396011514
3388,9.07891754527799
3389,10.959008462762423
3390,9.624429459064242
3391,12.520738866665914
3392,12.559548017982742
3393,9.864441464670065
3394,12.033667462990119
3395,11.477545877700539
3396,13.316796366834337
3397,7.697803335090303
3398,8.43471530772213
3399,13.073734317652063
3400,10.702304783395135
3401,13.045597960079819
3402,13.311375248234974
3403,12.437957395532838
3404,6.660807711986411
3405,12.779978764754706
3406,13.735596341987542
3407,8.828551611761133
3408,12.805418073835902
3409,13.819190892972177
3410,11.861128230201427
3411,7.357490312286986
3412,12.687988610252113
3413,8.97179997189931
3414,14.065438410750652
3415,14.105128491512188
3416,11.218609835434606
3417,7.210942829243582
3418,14.401772660024095
3419,14.230795968311057
3420,11.871249158671318
3421,15.083758708487434
3422,14.061689287528287
3423,12.730987422107088
3424,13.955510464242494
3425,14.139937173411585
3426,14.410768204575552
3427,15.343346296661966
3428,15.076053222922589
3429,15.113546081581841
3430,14.954070651619372
3431,9.52821733581542
3432,15.13011589544643
3433,8.381557346175589
3434,13.940455796811056
3435,14.949842353881017
3436,11.898125151055778
3437,11.062784519074375
3438,15.132499598698203
3439,15.817373261054328
3440,15.249263366316976
3441,14.854156186451531
3442,9.65367578873985
3443,13.159082347023555
3444,11.443163561608161
3445,8.152721267783685
3446,10.263537541722329
3447,14.730519795719516
3448,16.67378747782991
3449,15.348426141291778
3450,10.214909681201842
3451,7.499596202418456
3452,7.575701565091266
3453,9.496119298632976
3454,13.934716750340902
3455,15.833049917096647
3456,16.214127003321536
3457,12.31108374595568
3458,14.128134711981733
3459,9.138267389721946
3460,7.69827759163627
3461,15.190627953154838
3462,7.680802262207132
3463,11.576684642333408
3464,16.267822444700386
3465,11.562729475811743
3466,12.461386582936361
3467,14.296251252371718
3468,14.549006818696366
3469,8.126099565082313
3470,12.563913108709748
3471,10.198319380627662
3472,7.72433769487587
3473,7.7065829259344545
3474,7.588716255504927
3475,8.281668257662387
3476,16.350774035282925
3477,17.077501812613452
3478,14.467461198102233
3479,14.638318827098072
3480,8.381513285340082
3481,13.11858680900933
3482,8.77912068635727
3483,9.127488888606216
3484,7.497857038537801
3485,7.408976367447924
3486,11.267779378747655
3487,7.4387324607559595
3488,8.420663067980904
3489,8.996138471189251
3490,14.966376852330196
3491,10.29353112331812
3492,10.145538535009793
3493,12.079591687864331
3494,14.990758843480906
3495,8.285390755210361
3496,15.778809223483787
3497,9.257594116582393
3498,14.885836018563591
3499,10.49730615201988
3500,13.770531678708123
3501,9.786596580305234
3502,13.648402301913373
3503,16.343443544867235
3504,15.645046998277651
3505,15.896510249263919
3506,13.33700412146624
3507,13.39225246191111
3508,13.541260029671864
3509,15.55294775060694
3510,16.03926133719265
3511,15.84594548502991
3512,15.290870259141187
3513,12.447657119671781
3514,11.589801930104015
3515,13.099657088512753
3516,12.579239208591511
3517,12.909443193942328
3518,9.179557359826745
3519,12.112758943164941
3520,9.999724504363455
3521,13.09746051075966
3522,13.985607094818441
3523,9.321345444122308
3524,11.70167020569336
3525,10.183257980459707
3526,12.055356905456073
3527,6.375493276291579
3528,6.121464438609785
3529,6.314609119560596
3530,6.000598968938741
3531,11.211908162500748
3532,6.0153386022839985
3533,6.533130287312733
3534,6.033260710265621
3535,6.000629162487127
3536,10.668447595500517
3537,10.313221932276866
3538,8.602003021234145
3539,8.342056605830907
3540,8.52035323149787
3541,8.234211265220734
3542,5.583079899934987
3543,6.562825663383017
3544,7.6686775691573725
3545,10.190007065541595
3546,8.929967917403953
3547,5.333314394361826
3548,6.7549909351559165
3549,6.639637193561383
3550,9.951400326591902
3551,8.838811168305146
3552,6.201978264776963
3553,9.97397596001306
3554,9.892353408511894
3555,7.3949614546800255
3556,7.087160175089167
3557,4.849206661312746
3558,4.866381861261519
3559,4.988663105786075
3560,6.361356929494066
3561,5.592512336192722
3562,4.536999655763994
3563,6.822698582285634
3564,5.621947986165015
3565,4.622771420776832
3566,6.973162966735572
3567,5.063092987435825
3568,6.4874155476713415
3569,7.070259077531089
3570,6.939492516881541
3571,6.3077309121073535
3572,4.752108675063702
3573,6.8392987894219965
3574,6.499629078579326
3575,6.3724622468882295
3576,4.182714635468087
3577,5.9624420617983045
3578,4.969878423020305
3579,6.633003128316117
3580,4.84439055459346
3581,3.800343744605276
3582,5.6632630558969375
3583,3.5817544561562618
3584,5.809846563812998
3585,4.0116599086502
3586,4.195280623603354
3587,4.568430322387105
3588,3.5889066988342164
3589,3.3176538506578925
3590,4.546232867096532
3591,3.234250675181523
3592,4.061098285787026
3593,3.600536671616892
3594,3.8417365174678766
3595,3.878599288399438
3596,4.157972908850338
3597,3.060915960428856
3598,3.647932569842566
3599,3.212654352455422
3600,3.6080498827088743
3601,2.9524480961547086
3602,3.1911964982388863
3603,2.658084019545697
3604,3.1030645015889475
3605,3.4818461353552896
3606,2.953262384034276
3607,2.4513272542333997
3608,2.832814575723792
3609,2.6483687122620827
3610,3.1824640737472683
3611,2.686402978913553
3612,2.563946951820627
3613,2.6716463091359
3614,2.5209810891962507
3615,1.6281853817563299
3616,1.8091466331640138
3617,2.3571883393406012
3618,2.10969758494595
3619,1.8201173646732762
3620,2.121147389702454
3621,2.3857940227262437
3622,1.2931987262876312
3623,0.5764901240694069
3624,0.9927162931843938
3625,1.9871198625057793
3626,1.9733890069927376
3627,1.1415934768001819
3628,1.5684982432949823
3629,1.4598989166525813
3630,1.567072632223173
3631,1.2032801498705847
3632,1.5050279266779185
3633,1.9801686896650301
3634,2.0610639807950077
3635,2.276155459159588
3636,1.806949727961924
3637,1.2789882411236304
3638,1.4245838205363786
3639,1.8756936101332897
3640,1.9515821132846138
3641,2.1601919484130723
3642,2.2009643267595864
3643,2.2708740927587785
3644,1.6268268461003377
3645,2.1823944019261363
3646,2.0167442634232424
3647,2.2098180608964952
3648,2.288319634289964
3649,1.7919398170961056
3650,1.5144111398775637
3651,1.252559349222909
3652,1.4255589232121162
3653,1.4986840388419305
3654,1.5590887450172568
3655,1.186644957810886
3656,1.5802591536330146
3657,2.366773563306637
3658,2.4127858658338734
3659,2.0881874900538753
3660,2.4245812576509462
3661,1.9572869124677315
3662,1.6124297033413901
3663,1.6234029530952396
3664,1.680635440061586
3665,2.0250401846653947
3666,2.073819056443061
3667,1.8597573010099753
3668,2.4527132829494906
3669,2.062602197003968
3670,2.2566156198714458
3671,2.5673543470010234
3672,2.659917497036395
3673,2.885005993444513
3674,2.8747397746035572
3675,2.962069782719966
3676,2.8206566490753815
3677,2.723872070104309
3678,2.6008473651016617
3679,2.8466291816126876
3680,3.1259410633818527
3681,2.9017596684114015
3682,3.3866108679179816
3683,3.223042250585869
3684,3.3108337392424874
3685,3.0344635204533734
3686,3.3787076932030295
3687,3.255477514426169
3688,3.412211054165667
3689,3.9552876105347954
3690,3.8518758982555905
3691,3.549871583909678
3692,3.831663557231121
3693,4.64650698294115
3694,4.58390241736627
3695,4.643003929780707
3696,4.5987213488180485
3697,4.713140683564949
3698,4.367464368003786
3699,4.539503750983475
3700,4.136945516200927
3701,5.0567857818336055
3702,3.978774065442523
3703,5.157117121203795
3704,6.008898263346475
3705,3.9978205437875447
3706,5.869055330139923
3707,6.032513380818481
3708,5.99208424697666
3709,5.885918027288449
3710,6.87696295513512
3711,6.167981488930969
3712,4.659205796366159
3713,4.217186789434499
3714,6.868977358007533
3715,6.253506629426125
3716,6.138453287676915
3717,6.636195280214208
3718,7.24519274146854
3719,7.605721804178305
3720,7.098352246722333
3721,7.838645630484564
3722,7.6606638089374
3723,4.833495955886524
3724,7.5777778933921685
3725,5.167132771238963
3726,8.443261707515422
3727,8.943990913127049
3728,8.697277581625185
3729,6.606375054568116
3730,8.916623411826281
3731,5.962946671034984
3732,6.410316162988247
3733,9.335560605286135
3734,6.5044699345367505
3735,6.995772795580093
3736,5.512241998998111
3737,7.3219349120219785
3738,6.157284738145416
3739,9.352456053654794
3740,9.725756525674786
3741,9.85550008922691
3742,5.655457995063823
3743,5.758154264952059
3744,10.994034008891607
3745,10.201388218589626
3746,10.52416771655614
3747,5.782696751918641
3748,9.875208680136826
3749,12.290212334738229
3750,11.206110735076177
3751,7.561884191243456
3752,11.98600790941089
3753,9.905522086995408
3754,11.718385331399286
3755,11.400009956001984
3756,10.072282553645636
3757,12.191187892913437
3758,7.707400046808153
3759,6.2419068841016125
3760,11.182901804973906
3761,12.751976066944227
3762,9.032516869187281
3763,10.89619672642733
3764,13.376519571410324
3765,12.400225757353276
3766,12.263435562500932
3767,12.146716787920557
3768,12.874485382099046
3769,12.992101487890803
3770,11.54174485459988
3771,13.265029848610972
3772,10.662421996431643
3773,14.166041919810077
3774,14.226741658043007
3775,14.32789604784837
3776,12.528224860876367
3777,13.702067109010194
3778,12.12158991698693
3779,12.813311956488691
3780,11.708033270332738
3781,7.2273349559984315
3782,8.371031802239889
3783,13.909291377372593
3784,7.0061499580588364
3785,9.644708497964386
3786,14.281812529004075
3787,13.475007589943294
3788,12.948184588250252
3789,15.399004245953986
3790,14.721146002841202
3791,13.846259652213204
3792,14.058183355659068
3793,14.84521412124485
3794,10.894102557210344
3795,10.558401366580402
3796,12.768449264158045
3797,14.041353896232032
3798,9.61666083430653
3799,15.646034128874595
3800,14.989773756792939
3801,15.72715034478641
3802,8.581535063483738
3803,12.013679655450035
3804,10.295615794863354
3805,15.729754303771898
3806,15.546634688321863
3807,15.683528362183885
3808,16.139063202202983
3809,8.050263322183284
3810,7.670393706026755
3811,15.508181060156343
3812,11.236745840609565
3813,13.949861774767037
3814,15.626230459764148
3815,13.08818827399258
3816,13.945955973454307
3817,15.921278977105224
3818,14.980910063684078
3819,15.051742380792655
3820,16.618279109056186
3821,15.933499888071236
3822,15.467825286917677
3823,14.212866968126988
3824,11.209370297918008
3825,16.268045512787275
3826,15.677662575813578
3827,8.299020533570307
3828,9.48852287600506
3829,8.35911079690208
3830,12.286332454132127
3831,11.981745345517858
3832,13.079093695708401
3833,14.42129168294921
3834,9.568858463398058
3835,7.729750019558738
3836,9.021925517668965
3837,7.843229063732045
3838,15.794769021524896
3839,17.059212733853514
3840,10.076084889262056
3841,10.44638488585791
3842,15.077177551914811
3843,7.5848505175998575
3844,16.59756641903196
3845,16.39620124301512
3846,16.189019670220635
3847,15.329582101139081
3848,8.828209746683243
3849,10.646439115293878
3850,15.062042040120172
3851,16.416888718069163
3852,16.85998538649719
3853,16.974902893105778
3854,11.52075086068173
3855,7.451254768507525
3856,7.279451920267492
3857,8.408904393340784
3858,9.437419000523853
3859,15.419826256141786
3860,9.403394121592358
3861,7.329018119749044
3862,7.292742678175771
3863,13.794411146722064
3864,7.3360716761845755
3865,7.5379294369199155
3866,9.697316270190871
3867,14.334876715505075
3868,16.76285384922773
3869,11.137013431733466
3870,12.684460401145092
3871,13.309392876292206
3872,13.582428433137576
3873,6.960522684796548
3874,7.018512598468577
3875,8.798042817399924
3876,11.087252230643388
3877,7.2147977351949395
3878,6.945025377848253
3879,6.842824258187889
3880,6.866735472544078
3881,6.693914660228035
3882,9.175470544943183
3883,6.5614687308874915
3884,6.822066874768655
3885,9.795345871272106
3886,12.640596905517524
3887,7.9667030523337194
3888,6.946990308983736
3889,13.254783220644235
3890,12.817021469956932
3891,10.318478517039365
3892,7.831278379291647
3893,11.422768881254509
3894,7.58767476552017
3895,11.819220951460494
3896,12.539095187448654
3897,12.663020619162971
3898,12.219723000774305
3899,11.921190229784955
3900,5.824764073449314
3901,5.967644455520085
3902,12.183822169116748
3903,12.188365004052832
3904,12.17873481096439
3905,7.8714487936434505
3906,5.6535488276353
3907,12.074516372276136
3908,10.264608965593146
3909,10.34451752069344
3910,10.224387446297627
3911,7.218056526812271
3912,5.495296939308523
3913,10.756746099765557
3914,9.076110889056263
3915,9.843077807844736
3916,10.373902274075519
3917,10.133174223325584
3918,9.452447327598794
3919,9.854965542389824
3920,9.501831761204576
3921,10.13070687070893
3922,4.864377404859827
3923,8.879721631614252
3924,7.36139445161537
3925,8.317686419861415
3926,4.5426404828964815
3927,4.68670962371356
3928,4.777152755911461
3929,6.138219317831045
3930,7.043073757840456
3931,4.429817412622309
3932,4.4666200734831225
3933,6.709293219055869
3934,6.649730514785448
3935,5.086990111827388
3936,4.188054933087216
3937,4.17092245000991
3938,5.125646904456266
3939,6.469302268111825
3940,6.065122284009323
3941,5.478303298492002
3942,5.51311520921972
3943,3.8363428961915993
3944,4.713795888110871
3945,6.533279528473882
3946,6.3985560289536885
3947,4.117344433325534
3948,4.95934971485591
3949,5.559007559432784
3950,5.3007769350131415
3951,4.095131382439133
3952,4.967017422911286
3953,4.807811045542342
3954,4.875310534729495
3955,4.26376925040619
3956,3.5424041119211047
3957,3.169647085399585
3958,3.7358611495103995
3959,3.885471556569533
3960,3.847450737896681
3961,3.1161426485565373
3962,3.181243454642307
3963,3.646458715129195
3964,3.098199311565005
3965,3.5621637205982157
3966,2.848379460379239
3967,2.9722393946134806
3968,2.5388047710289463
3969,2.685780789117165
3970,2.3705066202879834
3971,2.257865592885186
3972,2.167806354178224
3973,2.3807236993737386
3974,2.5110010170423527
3975,1.886705600914092
3976,2.2044102583316914
3977,1.8168510008444665
3978,2.3994950292615456
3979,1.8099523458900215
3980,2.049527755330609
3981,2.358157821446686
3982,2.498974103966
3983,2.2390077585280066
3984,1.943279512261869
3985,1.5719394044790844
3986,1.1819519573209778
3987,1.380422331694989
3988,1.4231666346190286
3989,1.9739192175187767
3990,1.5052883443744758
3991,1.3567310487445106
3992,1.638278505785009
3993,1.512058767313646
3994,1.3501970012099926
3995,1.2425334206467076
3996,1.8033281710347193
3997,1.2880409269619806
3998,1.3599066548456094
3999,1.1050864810509697
4000,1.6125240506345024
4001,1.859966075422613
4002,1.2948736345887566
4003,1.236389144555023
4004,1.6174986435191006
4005,1.0730461439648211
4006,1.3866919090601861
4007,1.1371438522955692
4008,1.3542081036790288
4009,1.2210714989484748
4010,2.2247792444806973
4011,1.372430327457109
4012,1.1557946715051468
4013,1.0915687495098068
4014,1.3945101073748187
4015,1.566955662375153
4016,2.001312818944832
4017,1.2292182545482069
4018,0.9418374339177218
4019,1.0438476713504317
4020,1.3131062056787153
4021,1.9501102111208404
4022,1.6371516586132104
4023,1.4035549009838464
4024,1.6225425495322652
4025,2.1659545758804244
4026,1.7942046177539162
4027,1.8957469615076894
4028,2.1661691419239544
4029,2.0558440824898385
4030,2.0359871282408113
4031,1.9255466554840126
4032,1.9774169869524938
4033,2.2562957850041925
4034,2.587304978534519
4035,2.4491980613305566
4036,1.861381519034011
4037,2.500990532383791
4038,2.361822143484229
4039,2.739179826261611
4040,2.9830250845782285
4041,3.1002763659041577
4042,3.0902906882630896
4043,3.232066496761287
4044,3.0207679689991327
4045,2.776555229814667
4046,3.1978067756597657
4047,3.346037945721073
4048,3.004954730222462
4049,3.6180322413777315
4050,3.355213844358846
4051,3.7091690207700596
4052,3.6901892735909154
4053,4.039473792227621
4054,4.235533123351346
4055,4.071534968676332
4056,3.8203400399169523
4057,3.834440907677032
4058,3.925495903500228
4059,4.425282498855273
4060,4.644210649250384
4061,4.740607186459051
4062,4.325773003910138
4063,5.200935074801088
4064,4.81503248015509
4065,4.870877310728361
4066,4.881749537531984
4067,4.737830034522613
4068,4.860721969402844
4069,5.5511986921156495
4070,5.56589632007728
4071,5.660468096411642
4072,4.706003356836975
4073,5.5210194541463595
4074,6.521688778173886
4075,6.098004802956899
4076,4.1314151620740835
4077,6.6978766028413785
4078,6.490626029657863
4079,6.140276105897539
4080,5.155611050509457
4081,4.3874057504741035
4082,6.648302351444194
4083,5.839499127137574
4084,4.502204880737718
4085,4.535738422960435
4086,8.085242198243813
4087,8.438309750939823
4088,7.806123166876879
4089,7.855311911396765
4090,8.452149428958862
4091,6.139582310205553
4092,4.977617245908849
4093,8.42545966420007
4094,4.924401899657616
4095,5.080356739298893
4096,5.6030302773805865
4097,5.171062031749083
4098,9.887740173638441
4099,9.452616650939316
4100,8.913557145544512
4101,8.90731824178712
4102,9.22986613429179
4103,9.851524909521984
4104,8.076604567606267
4105,9.00630815898291
4106,10.728287957623621
4107,10.127238517232993
4108,7.455171648026299
4109,10.7445615570631
4110,10.090506625953086
4111,5.839099197756067
4112,5.871473173652774
4113,9.166397215118316
4114,8.763632135967898
4115,8.909027052988602
4116,11.221561426287387
4117,7.672059036100279
4118,11.309509497531568
4119,11.359669714626659
4120,9.77843574989226
4121,6.206074466106307
4122,11.014077319951223
4123,12.936916958167867
4124,11.340216443397065
4125,11.838099578092613
4126,10.96894989044182
4127,12.971371417938014
4128,11.709128291548474
4129,10.613213315585389
4130,6.61493955798207
4131,6.759930502650475
4132,13.725605684552402
4133,11.982686050934586
4134,13.55583450177827
4135,13.216671485884298
4136,12.238636822701213
4137,13.029603902640083
4138,11.439231758233941
4139,6.826757771895771
4140,7.986721136914795
4141,13.257013131458276
4142,12.272900064110718
4143,6.900335122957334
4144,10.347010349604817
4145,7.00495485760505
4146,7.056407408005166
4147,14.917484952500025
4148,13.17482560171992
4149,7.6823790989078145
4150,13.696971113557264
4151,14.962656226152687
4152,13.89844538991473
4153,8.391732604039493
4154,7.369324435355763
4155,7.221551754977638
4156,15.230434819623177
4157,11.986197586221707
4158,13.061962561645162
4159,11.730017967539041
4160,15.407231559624142
4161,14.669027834919635
4162,15.082964956071926
4163,16.334717835013016
4164,8.83259561493365
4165,12.537025614901339
4166,10.070346299597146
4167,13.133470095039751
4168,16.04341518794157
4169,16.058475410176754
4170,15.856796801345677
4171,15.33704966178215
4172,12.512803027121505
4173,13.906665886125323
4174,16.553505728182483
4175,15.799676647697417
4176,15.741357454804987
4177,7.695442370752425
4178,7.545685409093234
4179,7.525446943961696
4180,13.665806320135944
4181,8.280181968225225
4182,7.6277776302282305
4183,12.028896685289922
4184,14.33605182870349
4185,13.177972962614355
4186,16.10665822211915
4187,9.200132218711037
4188,16.709951767475776
4189,16.296010973760836
4190,15.56007285298809
4191,13.279690334745357
4192,15.887659785857146
4193,14.833546431636364
4194,8.225755262503618
4195,14.518880445872028
4196,10.555593580240796
4197,17.624845235076744
4198,9.143628039198369
4199,7.814153245049012
4200,7.651077948080782
4201,11.294837910038556
4202,8.531954524900721
4203,7.76583537337912
4204,7.9330023873250015
4205,11.652862653162206
4206,8.018683360740797
4207,7.4979939467316115
4208,7.4389032220313
4209,7.691013178500958
4210,14.33324450946
4211,16.554946841322128
4212,17.122514059546138
4213,17.086613279859552
4214,16.873964311869493
4215,16.71922520389685
4216,17.245385191082192
4217,17.367769662599326
4218,16.89024787096032
4219,
4220,16.806498296668593
4221,14.32901074309011
4222,17.610261899010148
4223,16.511573191896613
4224,17.340586966146034
4225,16.989846260791268
4226,13.678209281993778
4227,11.259747181667418
4228,10.794698606138493
4229,17.181206009835954
4230,17.23859585952442
4231,16.47779949628994
4232,16.86674763022223
4233,16.414020455699696
4234,15.696288337682049
4235,7.203420465158294
4236,11.789955759255701
4237,7.613764156857181
4238,9.665736222748853
4239,7.222705727145048
4240,8.822024328689798
4241,13.828001709302619
4242,14.873939061460126
4243,13.918310737604802
4244,14.125930640537057
4245,10.224825318525324
4246,13.24399022193447
4247,13.67168586407455
4248,10.813571167050943
4249,12.36336747699055
4250,8.382255037437568
4251,12.891171523551975
4252,6.537169942707777
4253,7.34781669523136
4254,6.921984466940425
4255,7.8476277477364
4256,6.357608179857196
4257,9.754922622051033
4258,6.630507211909317
4259,11.532025346275788
4260,9.813530632984618
4261,10.772221869714453
4262,11.054420228949402
4263,6.105941119548085
4264,11.24184985485256
4265,11.721004670284689
4266,9.677112798766961
4267,7.078986562095061
4268,11.669024019316321
4269,10.400407173471496
4270,10.794148973996137
4271,10.071287927319062
4272,6.269906020055063
4273,7.64519864419594
4274,5.725485269856879
4275,5.662268299347402
4276,5.718813472797804
4277,10.762028096647114
4278,9.289621892846885
4279,9.864403223377735
4280,5.211875313790637
4281,5.284947262089033
4282,10.13281778485574
4283,7.277537207932353
4284,8.882240722473217
4285,9.78992118220732
4286,5.691522776608999
4287,8.338641079421574
4288,5.065091524683902
4289,8.700236659356506
4290,8.447872700396289
4291,7.8176024655237475
4292,8.459599023042584
4293,8.512659467157242
4294,5.779327946308002
4295,4.499007312827192
4296,4.465069162296604
4297,7.908668534415419
4298,7.20842516834882
4299,6.549685298966468
4300,6.781050428161954
4301,6.428205322792512
4302,7.025451810519773
4303,6.595433354624738
4304,6.724223276253119
4305,6.60439080555435
4306,5.519380569926
4307,3.9120372007039776
4308,4.062731883477076
4309,5.840163108518986
4310,6.269577129973099
4311,5.905452422601419
4312,5.02580794038149
4313,4.332447757928753
4314,5.4430814650891035
4315,5.2922569249396965
4316,3.8004940916079626
4317,4.394117645525903
4318,4.472964562558684
4319,4.298088101878834
4320,4.306434939343251
4321,4.455082066750939
4322,4.242118305896503
4323,4.039038487696935
4324,3.8065719296408336
4325,3.722562191525336
4326,3.832160059390423
4327,4.272010487121981
4328,3.1220029252930033
4329,3.059891486630705
4330,3.541298563370992
4331,3.512339022844132
4332,3.1757366035963854
4333,3.381668889895649
4334,3.240670144186017
4335,2.9890361138812995
4336,3.388839167398304
4337,2.7730868574934378
4338,2.8644309251097533
4339,2.2102449106521815
4340,2.534566722993996
4341,1.9408361148584454
4342,2.546249930085803
4343,1.8570019854331727
4344,1.8524019833404157
4345,2.477557434699185
4346,2.2517304137301304
4347,1.8665650950438293
4348,2.0252282229444765
4349,1.9747728306121655
4350,1.992082029731578
4351,1.4860577375986148
4352,1.9749927506013316
4353,2.2517449418860993
4354,2.5565335443287895
4355,2.4089168871244726
4356,2.0742309446489138
4357,2.2975015385168978
4358,1.3679450459200542
4359,1.4077037586707757
4360,1.3309744928522393
4361,1.5346656775406933
4362,2.283907142939051
4363,1.511196271095602
4364,1.581797548379937
4365,1.482858776664714
4366,0.8941534371459507
4367,1.8016734007319135
4368,1.1875295767334437
4369,1.5288738963763349
4370,1.0883982362247169
4371,1.2850513206222711
4372,1.4294793853314225
4373,1.6849375801638766
4374,1.4808420212582698
4375,0.7652463537915031
4376,1.795407546343807
4377,1.0898558053666312
4378,1.0270593989597776
4379,1.2944389421305713
4380,1.2387542279797108
4381,1.447769327579894
4382,1.1601837171350136
4383,1.5395823966046231
4384,1.095632386703178
4385,1.0154906422359185
4386,1.30137309151646
4387,1.5841953758610066
4388,1.7475993173193984
4389,1.2576034191765473
4390,1.3182588140624727
4391,1.406707813508123
4392,1.436629927434839
4393,2.1484272358294954
4394,2.467445748528272
4395,2.424162396180395
4396,2.0416014587363422
4397,2.2261794393147127
4398,2.1323277810949923
4399,2.056164362323954
4400,1.7924046097561748
4401,2.3969287065195957
4402,2.1896231960286823
4403,2.446133273911233
4404,2.4161740693806557
4405,2.6153814643081414
4406,2.6777753230034618
4407,2.956271542408617
4408,2.960839349948934
4409,2.5632550055557113
4410,2.826794083359557
4411,2.878530438909979
4412,2.3390878929088945
4413,2.953856382602318
4414,3.3495635023383894
4415,3.3933121154584533
4416,3.092301535907091
4417,3.2657276865763913
4418,3.1164198631813003
4419,3.9023737799384275
4420,3.875582940844513
4421,4.183992064778066
4422,4.264823406591701
4423,4.272659559318523
4424,4.0731320431864795
4425,4.467257168192367
4426,4.681889598341513
4427,4.059322645738105
4428,4.82802758275889
4429,5.20161457616748
4430,5.018246293647598
4431,4.649532284173287
4432,3.7061558626482127
4433,5.84866782983579
4434,6.00695683254092
4435,6.021129436775067
4436,5.283431025104449
4437,5.831854452261239
4438,5.738070408146321
4439,6.47003468888856
4440,6.026311434914184
4441,6.529243595382104
4442,6.73034074777645
4443,6.365953289091772
4444,6.411081953972566
4445,7.52813286664645
4446,6.168496247842668
4447,5.2086006006279115
4448,5.773436743183709
4449,7.64881733778572
4450,5.498914001641292
4451,4.553219331496719
4452,6.872761050523978
4453,7.378548365273529
4454,7.862212385322489
4455,7.807585473133507
4456,7.430925477640079
4457,8.803759118819231
4458,8.9066258264227
4459,7.77133424996643
4460,8.21298605580423
4461,6.123950347073143
4462,7.227972051773202
4463,7.078620112429135
4464,8.888149315321614
4465,9.58079212224131
4466,9.626020457501705
4467,9.711928138308641
4468,8.917597433061605
4469,5.427605154219634
4470,7.24382791376282
4471,10.613547546251635
4472,10.390066280923069
4473,10.262402882198087
4474,9.483758244937293
4475,10.59364146514228
4476,10.028483050098647
4477,10.444378997916715
4478,7.853625387703094
4479,11.137937418494293
4480,11.360625349623945
4481,8.456426847981037
4482,6.160292249315168
4483,9.600414034140156
4484,11.7906941787929
4485,11.178864031984734
4486,8.140218627181913
4487,11.715298540885383
4488,10.316920348010385
4489,10.88057064863648
4490,9.042068922616185
4491,8.789377536995135
4492,13.310926099125112
4493,10.708162170144274
4494,10.53867653032329
4495,10.763766995939356
4496,9.647907837136351
4497,6.648563303171867
4498,6.574803715528616
4499,13.276367486308715
4500,7.376410882041554
4501,8.121745102963297
4502,13.756923808077776
4503,14.353234304772968
4504,13.862760612308454
4505,14.358421845754258
4506,13.640920384213647
4507,12.349243409839918
4508,11.820648419046755
4509,13.248034424357702
4510,11.966730997222568
4511,12.963710601934906
4512,13.689162022657829
4513,13.328568791749468
4514,7.3571960901639315
4515,9.385420869623099
4516,15.614860090235183
4517,14.962781717676542
4518,14.856943798476129
4519,11.71583129670389
4520,8.053289725132958
4521,12.272717063551056
4522,11.412966731279308
4523,14.354523929532622
4524,13.7884524700039
4525,14.133970171377912
4526,14.46066589284165
4527,13.044278126465262
4528,14.50762401624149
4529,9.051375211388615
4530,13.427749008955134
4531,14.35077681358229
4532,11.691496432401781
4533,14.500257838046977
4534,14.027019050704972
4535,15.175315987030938
4536,15.276618353058494
4537,15.243066785030065
4538,16.50827220841408
4539,8.716242656275462
4540,7.493868615683867
4541,14.025448255011359
4542,8.967594727283188
4543,8.224304615392105
4544,7.753022501833797
4545,16.73037202559795
4546,16.71445847297185
4547,8.782784266603095
4548,11.102471600513734
4549,10.078834716904762
4550,16.280218579122902
4551,9.538282452332528
4552,15.345806568228578
4553,16.00039623356656
4554,9.96073964536733
4555,16.84962682145794
4556,16.237155588305505
4557,17.11918487488172
4558,17.248505549811643
4559,10.53357674526085
4560,14.63345223119764
4561,9.207531889038787
4562,10.395435089707552
4563,14.648827640044606
4564,13.472098984383816
4565,16.448678063933837
4566,14.820135033913118
4567,16.275728742769168
4568,17.003909958750256
4569,15.198445048794408
4570,11.835829512879155
4571,8.457685233078715
4572,11.809122545826792
4573,7.600866146393104
4574,7.447409619335962
4575,16.940732210592707
4576,15.654519117202994
4577,7.630413064960674
4578,7.790652076030424
4579,9.0848656043127
4580,10.981437952607344
4581,16.074449945454422
4582,14.611194548268601
4583,7.531971048553479
4584,10.230635141308444
4585,16.672449297883624
4586,15.00499686097574
4587,11.311457001439333
4588,12.567030688836919
4589,8.237243006764857
4590,14.807562377959197
4591,7.902779151877563
4592,11.426291602292347
4593,14.679519664587593
4594,13.682697082584486
4595,15.231514620048554
4596,15.287346872851206
4597,13.6447268981881
4598,15.56837756608352
4599,16.693311918350272
4600,12.49590753415861
4601,6.965442359544072
4602,15.013590707467458
4603,15.988805971479179
4604,10.21385284269293
4605,7.138507699281871
4606,13.06773428640059
4607,6.8890468214087415
4608,7.193301050467883
4609,6.765219369092694
4610,15.117308879984972
4611,11.813644767850299
4612,13.447102301179214
4613,13.62883251707023
4614,11.006498079708116
4615,11.565640610075382
4616,11.706414748806584
4617,13.294116679171047
4618,8.45354532131989
4619,11.25097485922607
4620,13.538466091647615
4621,10.010170741978644
4622,12.402366737510757
4623,9.15870886829185
4624,12.568628302184706
4625,12.71083432040525
4626,11.623780525065452
4627,10.860971872089996
4628,6.167732969330862
4629,6.051922321519958
4630,6.248013554533756
4631,8.387828606150126
4632,8.973569022965084
4633,9.599573812919292
4634,6.375087085302878
4635,6.36123824110093
4636,5.719581657057923
4637,6.669547926924941
4638,10.305773277635843
4639,7.222555515674611
4640,5.918452000632256
4641,9.814961563710451
4642,10.586204491170012
4643,8.902292865624647
4644,9.641734682167087
4645,6.167197556901452
4646,5.232378666432662
4647,5.151862882271131
4648,5.899666290918026
4649,9.957152527042993
4650,9.289408042922066
4651,8.829066926511262
4652,6.938065687987834
4653,8.330685517357976
4654,9.790100855432856
4655,9.861369304462304
4656,6.468541246949074
4657,4.769534149783541
4658,4.911957827184278
4659,5.220839307016253
4660,4.539826288739332
4661,4.682781215077958
4662,4.758619564648345
4663,7.362719098700802
4664,6.885459195570194
4665,4.864183220471625
4666,7.019694623596551
4667,5.947193758401108
4668,4.745004813528553
4669,6.102889962884888
4670,4.899834426854589
4671,6.614053388089056
4672,5.347905894110642
4673,3.949190194583424
4674,5.963015252105723
4675,6.6818932796918045
4676,6.562822737982936
4677,5.990871284949452
4678,3.679491941701264
4679,4.081736806224184
4680,3.6662322744890767
4681,4.811079943652193
4682,4.7843021325063635
4683,4.8357414565079955
4684,4.481108804187222
4685,4.23336582416448
4686,4.394963484578135
4687,4.918027644780572
4688,4.269134382283246
4689,3.2077338596865483
4690,4.826230289742819
4691,4.015984821987294
4692,3.9708685897733274
4693,3.6395598652522825
4694,3.699525361507585
4695,3.261065493781889
4696,3.1547483497326354
4697,3.456706486547363
4698,3.2756898985427387
4699,2.7634780836868016
4700,2.134766325302669
4701,2.789809536615234
4702,3.1174578816939666
4703,2.843259572486117
4704,2.575627732414076
4705,2.287341807613342
4706,2.148793601005936
4707,2.3524700087273054
4708,2.384455031428349
4709,2.7700967080254912
4710,2.6643135873167347
4711,2.5540485777456032
4712,2.7587910910201323
4713,2.4798914245197237
4714,2.490308173019452
4715,2.4676620625069674
4716,2.248205583943813
4717,2.3702603030451135
4718,1.6802306660162696
4719,1.831001086168322
4720,1.7741222406767072
4721,1.2717209508161877
4722,1.2112782382978633
4723,1.6789167789708506
4724,1.263352234090246
4725,1.5517448109410736
4726,2.1297974523342975
4727,1.9223616405351027
4728,1.1084410461449536
4729,1.8407395470216148
4730,1.7796160773235945
4731,1.720370041944756
4732,1.7372330940172498
4733,2.2092131214415014
4734,2.2631256544516214
4735,1.225123153107031
4736,1.3235949326265661
4737,1.8500720479336143
4738,1.9585159777558765
4739,2.0981086991566413
4740,1.7820693315118517
4741,1.3016561324013383
4742,2.208855242686559
4743,1.3610512136767596
4744,1.5450682433610181
4745,2.2079772937700377
4746,2.1027663636595273
4747,1.4355808985110317
4748,1.598941882246641
4749,1.6874635170061163
4750,1.2937259980616718
4751,1.334019438887455
4752,1.7355865891704356
4753,2.3116889809463332
4754,2.4309316145261564
4755,2.436749481074131
4756,2.0383703410817775
4757,1.956838920768142
4758,1.9318390069386515
4759,2.0809944951360633
4760,1.99300049825559
4761,2.002026196257778
4762,1.9875074447756482
4763,2.1898069021829505
4764,2.556491371060388
4765,2.7822404450812113
4766,2.536196812767376
4767,2.4229615172676073
4768,2.5974323161035606
4769,2.577641724218753
4770,3.007673961938064
4771,2.7793596195468857
4772,3.0776959571394262
4773,2.8417495463599862
4774,2.8397635344485552
4775,2.8799144184164573
4776,2.9103295643017573
4777,2.962375131916345
4778,3.9151598253308286
4779,3.7580732231139864
4780,3.6099464000719905
4781,3.5508768220016096
4782,3.725638467992379
4783,3.914539230402796
4784,4.200226415341739
4785,3.942603884972354
4786,4.656195758990081
4787,4.506182451302107
4788,4.631369607633732
4789,4.546085976469511
4790,3.4075342768863335
4791,5.387708999076698
4792,5.066015761204296
4793,4.383571297579319
4794,4.650197737557694
4795,4.277747430754048
4796,5.44281674143914
4797,5.461232035478374
4798,5.68302411878597
4799,4.095362983218488
4800,5.801783096223415
4801,5.6773429336269405
4802,5.104788994547622
4803,3.9971151028896434
4804,4.056022536713946
4805,5.205724066172005
4806,4.218547072110096
4807,5.193646472574028
4808,5.754106602715039
4809,6.38443566355577
4810,6.8484632328589035
4811,6.535721903993144
4812,7.598939907696713
4813,7.381156862140899
4814,6.480564451834086
4815,8.389556331202225
4816,6.786566342977163
4817,4.674894131704923
4818,8.193974152120603
4819,7.613422428210559
4820,6.6385492767688135
4821,8.351744471089953
4822,7.005287477610066
4823,8.881963978103935
4824,8.625178850943719
4825,8.739863604880146
4826,7.910865789689832
4827,8.67904458755752
4828,9.55398339894272
4829,9.644824019091757
4830,9.474052462292232
4831,9.889105928382833
4832,9.913388600853512
4833,9.08691405341304
4834,5.46559990960144
4835,9.979915729250084
4836,7.077188744627644
4837,11.235069619457104
4838,10.050819810875097
4839,5.624173760307668
4840,10.917851586371786
4841,9.984897365698096
4842,6.991779844374862
4843,11.270090087901849
4844,10.950391846934014
4845,9.810904842881483
4846,10.042101195347001
4847,9.68122545633151
4848,10.87083491842479
4849,10.60463477530943
4850,6.261828012195699
4851,11.370380655409587
4852,11.317819188456404
4853,11.658416588577715
4854,10.985861141015832
4855,7.318394946718168
4856,7.575035730577568
4857,6.36733200892968
4858,9.525640925131997
4859,11.295119031546314
4860,12.906990518922399
4861,12.121575854463554
4862,11.711835256389831
4863,11.284471899551235
4864,9.572882743570212
4865,10.385294011975754
4866,13.019498602860299
4867,12.88490118683951
4868,11.813349059006306
4869,14.126609883990241
4870,12.136322370873145
4871,10.165765394921422
4872,11.063703497547626
4873,8.951434057066836
4874,14.542121683305306
4875,11.950096983203451
4876,12.835408007742402
4877,7.1038120031412
4878,11.782763802717191
4879,13.845962010152736
4880,13.755335016326155
4881,13.838636347760165
4882,11.171054591969355
4883,7.110080095051519
4884,7.173333459719278
4885,13.348251858499529
4886,7.310887343785395
4887,7.32654134096261
4888,7.603635210744419
4889,12.490535528527184
4890,7.310547068470196
4891,13.851926824243687
4892,11.747431014291976
4893,11.25606652955231
4894,11.31068630129956
4895,15.168785587801338
4896,12.090456439813238
4897,15.857477056174211
4898,15.696651567560764
4899,15.323022276898039
4900,14.94972360147975
4901,9.280258324975973
4902,15.861389567510438
4903,15.938636674309294
4904,9.065421245210342
4905,15.412238973923778
4906,16.574780252283844
4907,16.664880720783756
4908,15.793226453419955
4909,13.03628424037787
4910,16.209976478091306
4911,9.601591209485434
4912,15.45064485959026
4913,12.301337902258403
4914,15.201076205170429
4915,15.525082258863154
4916,15.79074869888798
4917,7.598796566144002
4918,7.548971208246701
4919,15.424262461935893
4920,12.77860311926193
4921,16.82671683399226
4922,12.746605336664196
4923,7.566517902775688
4924,7.558226689737994
4925,12.341240957025537
4926,11.859557061329674
4927,13.991258161266583
4928,7.545692692511723
4929,7.532254124598738
4930,10.350632894218498
4931,16.619906062392257
4932,12.621085112362291
4933,13.79239532915986
4934,15.954226300778522
4935,13.663889499350287
4936,13.572635246642575
4937,12.924257851733923
4938,7.6301923284024635
4939,7.481387742881376
4940,7.425689580600569
4941,9.398477269589947
4942,7.390585902385162
4943,7.370115864036574
4944,9.835783653201206
4945,16.481738051235418
4946,16.599756698770587
4947,12.621368998731876
4948,8.48096973281978
4949,7.383057922655754
4950,15.258868531411878
4951,7.5043266674847215
4952,7.255634121846301
4953,7.244221683684721
4954,7.234826985324643
4955,7.980433230445959
4956,7.176902878677717
4957,7.163654274920149
4958,7.142601659692355
4959,8.320648520285005
4960,14.384096237044554
4961,8.373264200534182
4962,11.596398652842579
4963,7.002800962242305
4964,7.096618787042308
4965,6.986162580030431
4966,7.275649527788608
4967,6.898900900494481
4968,6.883133097936489
4969,6.878649489646731
4970,7.038338631756096
4971,9.093577531831995
4972,13.538357843436856
4973,11.937521862881072
4974,8.696447204595705
4975,6.7137168135303895
4976,8.055505783162541
4977,14.784032885221706
4978,14.617380405441848
4979,14.147113543505213
4980,11.305510812409723
4981,6.468843211923739
4982,6.445483945297671
4983,10.588947628195411
4984,12.736740673306743
4985,14.304263078061105
4986,6.5714072335276335
4987,10.152238538157423
4988,10.459088448862117
4989,11.79950251241308
4990,6.177952723426706
4991,6.085736860892911
4992,11.852310884705572
4993,6.0619861458767925
4994,9.497393959870621
4995,11.786345385588394
4996,5.789947579605364
4997,5.764499768216204
4998,5.945650731565383
4999,9.558650308518345
5000,8.565994152091438
5001,10.0605453469326
5002,5.564759561069453
5003,5.54162883724428
5004,6.289279063570126
5005,9.88683435703318
5006,10.300414830990224
5007,6.952741269663288
5008,5.236937401257816
5009,8.58139735107067
5010,9.74034816880015
5011,9.664147939338541
5012,9.290220438137737
5013,6.960899433943014
5014,5.3917380768789105
5015,5.283528072008704
5016,5.282833023567358
5017,5.167779056029672
5018,8.792201758741815
5019,9.400338994321778
5020,8.244180532927865
5021,7.121414103553465
5022,4.663511145985599
5023,7.2951984038946485
5024,5.426821812726546
5025,5.784218556354883
5026,7.290957599016747
5027,7.747312725104963
5028,5.000330789139186
5029,7.615758823857516
5030,6.031718892177922
5031,4.88536757089185
5032,6.072147251417073
5033,5.694551276831705
5034,5.857318752680352
5035,5.385015476120521
5036,5.982632856213092
5037,4.3886731999757265
5038,6.5067190397627215
5039,5.954257087139502
5040,6.068668997235519
5041,6.249608301011678
5042,3.77787953954312
5043,4.309775703617951
5044,5.070122002164413
5045,4.414895199000342
5046,4.151829470527438
5047,4.919305669269076
5048,5.124974520598709
5049,4.8752063134363395
5050,4.519518874338039
5051,3.9829497754688776
5052,4.282070122174948
5053,3.2595159674206107
5054,3.747857128013109
5055,3.399766516608202
5056,3.1280700282818037
5057,3.3131546193161237
5058,3.1167386513629283
5059,3.398509721347992
5060,3.1101121056579375
5061,2.7104236074228654
5062,3.150528166348451
5063,3.1502597620054438
5064,2.554998964612971
5065,3.1949279213579604
5066,3.2192220674436705
5067,3.009320990511956
5068,3.2088415323122463
5069,3.3098724668598627
5070,2.808545910344714
5071,2.7615241799945496
5072,2.7795149100866814
5073,2.5981296794652224
5074,2.541992144259381
5075,2.1461746841266836
5076,2.434804039173974
5077,1.8851517551437613
5078,2.4177077242416845
5079,2.270307978779557
5080,1.715975732206556
5081,1.8514201048159382
5082,1.544966375588789
5083,1.76387130990625
5084,2.0754541804676845
5085,1.2850881935709726
5086,1.3154794641840422
5087,1.679294469240931
5088,1.6508377705378
5089,1.96218352613618
5090,1.4040971661563786
5091,1.2617295625357867
5092,1.8100250342982172
5093,1.8190729508166408
5094,1.1733080572401047
5095,2.2285353834939228
5096,1.4612695146426855
5097,1.3707589568018337
5098,1.208285933457243
5099,1.1647462144286838
5100,1.7783609906654734
5101,1.1335739963812008
5102,1.222257409355799
5103,1.1616421581949448
5104,1.5209025862924976
5105,1.746221904193356
5106,1.334368564854385
5107,1.2240500018453213
5108,1.5551897462777093
5109,1.8280300027286085
5110,1.9027270690274714
5111,2.1517073727501526
5112,1.8389368897851766
5113,1.7185990305018812
